1.0
0.5
0.5
1.0
1.0
-
1.0
1.0
1.0
1.0
-
0.875
1.125
0.875
1.125
-
1.0
1.0
1.0
1.0
-
1.0
1.0
1.0
0.5
0.5
-
1.0
1.0
1.0
1.0
-
1.0
1.0
1.0
0.5
0.5
-
1.0
0.5
0.25
0.25
1.0
0.5
0.25
0.25
-
1.0
1.0
1.0
1.0
-
0.25
0.25
0.375
0.625
0.25
0.25
0.5
0.375
0.625
0.25
0.25
-
1.5
0.5
1.5
0.5
-
1.0
1.0
1.0
0.375
0.625
-
1.0
1.0
1.0
1.0
-
1.0
0.5
0.5
1.0
0.5
0.5
-
1.0
0.125
0.0625
0.125
0.0625
0.625
1.0
0.125
0.0625
0.125
0.0625
0.625
-
0.375
0.125
0.375
0.125
0.375
0.25
0.25
0.125
0.375
0.125
0.375
0.125
0.375
0.25
0.25
0.125
-
2.0
2.0
-
0.375
0.375
1.25
0.375
0.375
1.25
-
1.0
0.375
0.625
0.375
0.625
0.375
0.625
-
1.0
1.0
1.0
1.0
-
0.5
0.5
0.375
0.625
0.375
0.625
0.375
0.625
-
1.0
1.0
1.0
1.0
-
1.0
1.0
1.0
0.75
0.25
-
1.0
1.0
1.0
1.0
-
0.5
0.5
0.5
0.5
0.5
0.5
0.5
0.5
-
0.375
0.375
1.0
0.25
0.375
0.375
1.0
0.25
-
1.0
1.0
1.0
1.0
-
1.0
1.0
1.0
0.25
0.25
0.25
0.25
-
1.0
1.0
1.0
1.0
-
0.1875
0.1875
0.25
0.1875
0.1875
0.1875
0.1875
0.25
0.1875
0.1875
0.1875
0.1875
0.25
0.1875
0.1875
0.1875
0.1875
0.25
0.1875
0.1875
-
0.375
0.625
0.375
0.625
0.375
0.625
0.375
0.625
-
1.0
1.0
1.0
0.5
0.25
0.25
-
1.0
0.375
0.625
1.0
0.375
0.625
-
1.0
0.375
0.375
0.25
1.0
0.375
0.375
0.25
-
1.0
0.25
0.125
0.375
0.25
0.25
0.125
0.375
0.25
0.25
0.125
0.375
0.25
-
0.25
0.25
0.25
0.25
0.25
0.25
0.25
0.25
0.25
0.25
0.25
0.25
0.25
0.25
0.25
0.25
-
0.25
0.25
0.25
0.25
0.25
0.25
0.25
0.25
0.25
0.25
0.25
0.25
0.25
0.25
0.25
0.25
-
0.25
0.25
0.25
0.25
0.25
0.25
0.25
0.25
0.25
0.25
0.25
0.25
0.25
0.25
0.25
0.25
-
0.25
0.25
0.25
0.125
0.375
0.25
0.25
0.25
0.25
0.25
0.25
0.125
0.375
0.25
0.25
0.25
-
1.0
0.5
0.5
1.0
1.0
-
1.0
1.0
1.0
0.625
0.375
-
1.0
1.0
1.0
0.5
0.5
-
2.0
1.0
1.0
-
1.0
1.0
1.0
1.0
-
0.1875
0.1875
0.1875
0.1875
0.1875
0.0625
0.1875
0.1875
0.1875
0.1875
0.1875
0.0625
0.1875
0.1875
0.1875
0.1875
0.1875
0.0625
0.1875
0.1875
0.1875
0.1875
0.1875
0.0625
-
1.0
0.1875
0.1875
0.1875
0.1875
0.25
0.1875
0.1875
0.1875
0.1875
0.25
0.1875
0.1875
0.1875
0.1875
0.25
-
1.0
1.0
1.0
0.75
0.25
-
1.0
1.0
1.0
1.0
-
1.0
1.0
1.0
1.0
-
0.875
1.125
0.875
1.125
-
0.25
0.125
0.375
0.25
0.25
0.125
0.375
0.25
0.25
0.125
0.375
0.25
0.25
0.125
0.375
0.25
-
0.25
0.25
0.25
0.25
0.25
0.25
0.25
0.25
0.25
0.25
0.25
0.25
0.25
0.25
0.25
0.25
-
1.0
0.25
0.25
0.25
0.25
0.1875
0.1875
0.375
0.25
0.25
0.25
0.25
0.25
-
0.25
0.25
0.25
0.25
0.25
0.25
0.25
0.25
0.25
0.25
0.25
0.25
0.25
0.25
0.25
0.25
-
