10,20,13,50
30,40,31,42
-
10,12,11,40
20,30,32,50
-
30,10,40,12
20,23,50,60
70,80,90,81
110,200,73,140
-
10,20,40,30
13,21,50,33
-
30,10,40,12
50,20,21,23
-
10,20,30,40
50,60,70,80
-
10,20,23,30
40,50,60,11
70,80,90,100
110,11,21,21
-
10,20,13,22
12,21,13,13
-
20,10,30,13
40,11,50,60
-
10,20,12,40
11,21,11,41
-
10,20,30,40
12,21,32,41
-
10,20,12,22
40,30,50,32
60,70,80,71
100,110,51,31
-
10,40,20,21
30,32,21,21
-
30,10,11,20
13,11,11,21
-
20,10,30,40
50,13,60,70
80,90,100,110
62,13,200,220
-
10,20,30,40
11,22,32,42
50,60,70,80
90,100,11,120
-
10,20,11,21
11,21,30,40
-
20,30,40,10
50,60,70,12
-
10,13,40,20
30,50,32,60
-
10,20,13,21
30,40,33,50
-
10,11,20,23
11,11,21,22
-
10,20,30,40
11,21,31,50
60,70,72,72
100,110,120,13
-
10,20,30,40
11,21,31,41
50,60,70,80
90,100,110,120
-
10,20,11,23
40,50,30,23
-
10,20,11,23
11,21,11,21
-
10,30,12,50
20,31,11,51
-
50,10,20,11
30,40,31,41
-
10,20,30,23
11,21,31,21
-
10,20,30,40
12,21,31,41
-
10,20,21,21
11,21,21,21
-
40,10,20,30
50,11,21,31
-
10,20,12,30
11,23,40,50
-
10,13,13,13
12,20,11,30
-
10,13,30,20
40,21,50,60
70,80,90,100
41,11,53,210
-
10,30,13,20
23,40,50,23
-
10,20,12,40
11,21,11,50
-
10,20,12,30
11,40,50,60
70,80,90,100
71,41,51,62
-
10,13,30,33
12,11,31,32
-
40,10,20,30
50,11,21,31
-
10,20,30,40
11,21,31,41
50,60,61,80
90,100,110,120
-
10,20,11,22
30,40,31,23
-
10,20,12,21
30,40,32,41
-
30,10,40,13
50,13,60,12
-
20,30,10,40
50,60,13,70
-
10,20,11,23
11,30,40,50
-
10,20,30,40
11,21,31,41
50,60,70,80
90,100,71,81
-
10,20,12,40
11,21,11,41
-
10,13,30,13
40,13,50,11
-
10,20,13,40
11,21,11,23
50,60,70,80
90,100,61,61
-
10,20,30,40
11,21,50,60
-
40,50,10,20
11,22,30,31
60,70,80,90
81,110,200,21
-
10,20,30,31
11,21,31,31
40,50,60,61
80,90,100,110
-
10,20,30,40
11,22,32,41
50,60,70,80
90,100,110,120
-
10,13,30,40
11,12,32,13
-
10,20,12,23
11,21,11,23
-
10,20,30,40
13,21,31,41
-
10,20,11,21
11,30,11,21
-
10,20,11,22
11,40,50,21
-
10,30,40,50
13,60,20,23
70,80,90,100
11,61,21,21
-
10,20,23,40
13,23,22,42
-
10,20,13,40
11,21,11,43
50,60,70,80
90,100,11,120
-
10,20,30,40
33,42,13,50
60,70,80,72
100,110,120,130
-
10,20,30,40
12,23,50,60
70,80,90,100
110,120,53,61
-
10,20,30,40
50,60,70,80
-
10,20,30,40
12,23,50,60
-
30,10,20,40
50,11,22,60
-
10,30,11,40
20,50,23,60
-
10,20,13,21
11,21,30,33
-
10,11,20,30
12,12,22,40
-
10,20,11,23
40,50,30,23
-
10,20,30,40
13,21,31,41
-
10,20,30,40
11,21,31,41
50,60,70,80
90,100,110,120
-
20,10,30,40
12,50,60,70
-
10,20,13,40
11,21,11,50
-
10,20,30,23
11,22,31,23
-
30,10,20,40
50,13,21,60
-
10,20,40,50
13,21,30,33
60,70,80,90
100,21,31,33
-
10,13,20,30
11,40,50,60
-
10,20,30,40
12,21,31,50
-
10,20,30,40
50,60,13,70
80,90,100,110
52,13,13,73
-
40,10,20,13
50,13,22,12
-
10,20,30,40
12,21,23,41
-
30,10,20,40
50,12,22,60
-
50,10,20,13
22,40,42,22
60,70,80,71
100,110,41,21
-
10,20,30,40
11,21,31,43
-
40,10,20,30
50,11,21,31
-
30,10,40,11
50,20,21,60
-
20,30,40,10
50,13,60,11
-
10,20,23,40
11,21,21,50
-
10,20,11,23
30,40,32,42
-
20,30,40,50
10,13,13,60
70,71,90,100
71,71,91,11
-
10,20,30,40
50,60,70,80
-
10,20,30,22
12,40,50,60
70,80,90,100
71,42,51,62
-
50,10,20,12
21,40,22,41
-
10,20,13,30
12,40,50,60
-
10,20,30,40
50,60,70,80
90,100,110,120
130,140,13,210
-
10,13,11,30
13,20,21,31
40,50,60,70
80,90,100,110
-
40,10,20,30
50,11,21,31
-
10,20,22,30
11,40,50,60
-
30,40,10,20
50,60,13,13
70,80,90,100
51,62,130,140
-
10,20,30,40
11,23,31,43
-
10,20,30,40
13,21,32,50
-
10,20,30,33
11,21,31,31
-
10,20,30,40
50,60,70,80
90,100,31,41
52,63,150,160
-
30,10,20,13
23,40,23,13
-
10,20,30,40
12,23,31,41
50,60,70,80
90,100,31,41
-
40,10,20,30
13,12,23,32
-
10,20,12,40
12,22,30,43
-
10,20,30,32
11,23,40,43
-
10,20,13,21
40,50,11,60
-
10,20,13,13
30,40,31,50
-
10,20,40,30
12,22,50,31
60,70,80,90
100,21,51,130
-
10,13,20,30
13,13,23,33
-
20,10,30,13
40,50,60,70
-
10,20,11,21
30,33,23,40
-
10,20,30,32
11,21,31,32
40,50,60,70
80,90,100,31
-
10,13,30,40
13,11,31,41
-
10,13,40,30
11,11,33,50
-
10,20,13,30
40,50,60,70
80,90,83,31
41,130,63,150
-
10,20,30,40
13,21,31,41
50,60,70,80
90,100,110,11
-
10,20,13,21
13,21,11,40
-
10,20,30,40
11,21,32,41
50,60,61,80
90,100,31,41
-
10,12,30,40
11,11,50,60
-
10,20,30,33
12,23,32,40
-
10,11,11,20
12,23,12,22
-
10,20,30,40
50,60,70,80
-
30,40,50,10
20,11,21,13
60,70,80,90
100,91,11,210
-
10,20,30,40
50,60,70,80
-
10,20,30,40
12,23,50,60
-
10,13,11,40
12,11,30,43
-
10,30,11,40
20,50,23,60
-
10,30,11,40
20,50,23,60
-
10,20,13,21
11,21,30,33
-
10,11,20,30
12,12,22,40
-
10,20,30,40
12,21,31,50
-
30,10,20,11
40,11,21,11
-
10,20,12,30
13,23,40,50
-
10,20,30,13
13,21,32,40
-
10,20,13,30
40,23,50,60
-
10,20,30,40
50,60,70,80
-
10,20,12,21
30,40,12,23
-
20,30,10,40
12,50,60,70
80,90,100,83
120,130,140,150
-
10,20,13,23
13,23,23,23
-
10,20,30,40
12,21,31,50
-
10,20,30,40
12,50,60,70
-
10,20,11,30
11,23,11,31
-
20,30,40,10
13,12,13,12
-
10,20,30,40
11,21,31,41
-
40,10,20,30
33,11,23,50
-
30,10,20,40
50,11,22,60
70,80,90,100
110,11,21,61
-
10,40,20,30
11,50,23,31
60,70,80,90
100,41,21,31
-
10,20,13,30
40,50,12,60
-
10,13,40,20
30,21,31,23
50,53,70,80
90,82,91,200
-
10,11,20,30
11,11,21,31
-
10,30,13,13
40,13,20,22
-
10,13,30,40
11,11,31,43
-
10,20,12,40
11,21,11,41
-
10,20,30,33
13,23,31,33
-
20,10,11,11
30,40,50,60
-
10,20,12,22
40,50,30,23
-
10,20,11,21
11,21,30,40
50,60,51,61
90,61,110,190
-
10,20,30,40
12,21,33,50
-
10,20,30,23
40,11,21,31
-
10,20,12,40
30,21,32,50
-
30,40,10,20
50,60,11,21
70,80,90,100
110,82,93,21
-
30,10,11,20
40,11,11,21
-
10,20,30,40
11,23,32,32
50,60,51,80
90,100,91,11
-
10,20,30,40
11,21,31,41
-
10,20,30,40
11,21,31,33
-
10,13,30,40
13,11,31,41
50,60,70,80
90,100,71,81
-
10,40,12,20
30,23,31,23
-
10,20,11,23
11,30,40,50
-
10,20,30,33
12,23,40,50
-
10,20,13,22
40,30,50,31
-
30,10,40,20
50,12,60,21
-
10,20,30,40
13,21,31,43
-
