?G
71.0,0.25
72.0,0.125
72.0,0.125
?G
72.0,0.125
69.0,0.5
?G
69.0,0.25
67.0,0.25
?G
71.0,0.375
72.0,0.125
?Am
72.0,0.25
76.0,0.25
?Am
76.0,0.5
?Am
76.0,0.25
76.0,0.125
69.0,0.125
?Am
0.0,0.125
71.0,0.25
72.0,0.125
?Am
72.0,0.25
69.0,0.25
?Am
69.0,0.5
?Am
69.0,0.25
69.0,0.125
67.0,0.125
?Am
0.0,0.125
71.0,0.25
72.0,0.125
?Am
72.0,0.25
76.0,0.5
-
?A
57.0,0.25
67.0,0.125
64.0,0.125
?A
69.0,0.125
67.0,0.125
64.0,0.125
62.0,0.125
?F
62.0,0.125
72.0,0.125
69.0,0.125
74.0,0.125
?F
72.0,0.125
69.0,0.125
67.0,0.0625
68.0,0.0625
69.0,0.125
?C
57.0,0.25
67.0,0.125
64.0,0.125
?C
69.0,0.125
67.0,0.125
64.0,0.125
62.0,0.125
?F
62.0,0.125
72.0,0.125
69.0,0.125
74.0,0.125
?F
72.0,0.125
69.0,0.125
67.0,0.0625
68.0,0.0625
69.0,0.125
?C
57.0,0.25
67.0,0.125
64.0,0.125
?C
69.0,0.125
67.0,0.125
64.0,0.125
62.0,0.125
?F
62.0,0.125
72.0,0.125
69.0,0.125
74.0,0.125
?F
72.0,0.125
69.0,0.125
67.0,0.0625
68.0,0.0625
69.0,0.125
?C
57.0,0.25
67.0,0.125
64.0,0.125
?C
69.0,0.125
67.0,0.125
64.0,0.125
62.0,0.125
?F
62.0,0.125
72.0,0.125
69.0,0.125
74.0,0.125
-
?C
0.0,0.5
?G
0.0,0.125
60.0,0.125
62.0,0.125
65.0,0.125
?C
65.0,0.125
64.0,0.25
0.0,0.125
?C
0.0,0.125
60.0,0.125
62.0,0.125
65.0,0.125
?F
65.0,0.125
64.0,0.25
0.0,0.125
?F
0.0,0.125
60.0,0.125
62.0,0.125
65.0,0.125
?Am
65.0,0.125
64.0,0.25
62.0,0.125
?Am
62.0,0.125
60.0,0.25
62.0,0.125
?G
62.0,0.125
0.0,0.375
?G
0.0,0.125
60.0,0.125
62.0,0.125
65.0,0.125
?C
65.0,0.125
64.0,0.25
0.0,0.125
?C
0.0,0.125
60.0,0.125
62.0,0.125
65.0,0.125
?F
65.0,0.125
64.0,0.25
0.0,0.125
?F
0.0,0.125
60.0,0.125
62.0,0.125
65.0,0.125
?Am
65.0,0.125
64.0,0.25
62.0,0.125
?Am
62.0,0.125
60.0,0.25
62.0,0.125
?G
62.0,0.25
0.0,0.25
?G
0.0,0.125
60.0,0.125
60.0,0.125
71.0,0.125
?Am
71.0,0.125
72.0,0.25
0.0,0.125
?Am
0.0,0.125
60.0,0.125
60.0,0.125
71.0,0.125
?F
71.0,0.125
69.0,0.25
0.0,0.125
?F
0.0,0.125
60.0,0.25
65.0,0.125
?C
65.0,0.125
64.0,0.25
62.0,0.125
-
?F
60.0,0.125
60.0,0.125
60.0,0.125
62.0,0.125
?G
62.0,0.125
62.0,0.125
64.0,0.25
?Am
64.0,0.5
?Am
0.0,0.25
64.0,0.125
65.0,0.125
?C
67.0,0.25
67.0,0.125
67.0,0.125
?C
67.0,0.125
65.0,0.125
64.0,0.25
?F
60.0,0.5
?F
0.0,0.25
55.0,0.125
57.0,0.125
?F
60.0,0.125
60.0,0.125
60.0,0.125
62.0,0.125
?G
62.0,0.125
62.0,0.125
64.0,0.25
?Am
64.0,0.5
?Am
0.0,0.125
62.0,0.125
60.0,0.125
62.0,0.125
?G
59.0,0.5
?G
59.0,0.25
0.0,0.5
-
?Am
57.0,0.25
60.0,0.25
?Am
67.0,0.25
69.0,0.25
?F
0.0,0.5
?F
62.0,0.125
64.0,0.125
62.0,0.25
?C
55.0,0.25
0.0,0.25
?C
0.0,0.5
?G
0.0,0.5
?G
0.0,0.5
?Am
57.0,0.25
60.0,0.25
?Am
67.0,0.25
69.0,0.25
?F
0.0,0.5
?F
62.0,0.125
64.0,0.125
62.0,0.25
?C
55.0,0.25
0.0,0.25
?C
0.0,0.5
?G
0.0,0.5
-
?C
64.0,0.5
?G
62.0,0.25
67.0,0.25
?F
65.0,0.5
?C
65.0,0.125
64.0,0.125
60.0,0.125
55.0,0.125
?F
57.0,0.5
?C
55.0,0.125
60.0,0.125
55.0,0.125
52.0,0.125
?G
50.0,0.25
52.0,0.25
-
?C
0.0,0.25
72.0,0.125
72.0,0.125
?C
72.0,0.125
64.0,0.25
65.0,0.125
?F
65.0,0.25
65.0,0.125
64.0,0.125
?F
65.0,0.125
67.0,0.25
0.0,0.125
?F
0.0,0.25
72.0,0.125
72.0,0.125
?F
72.0,0.125
64.0,0.25
65.0,0.125
?G
65.0,0.25
65.0,0.125
64.0,0.125
?G
65.0,0.125
67.0,0.125
65.0,0.125
64.0,0.125
?C
64.0,0.125
72.0,0.25
72.0,0.125
?C
72.0,0.125
67.0,0.25
64.0,0.125
?Am
64.0,0.5
64.0,0.0
?Am
64.0,0.125
65.0,0.125
67.0,0.125
69.0,0.125
?F
69.0,0.25
64.0,0.125
64.0,0.125
?F
64.0,0.125
64.0,0.25
64.0,0.125
?C
64.0,0.125
62.0,0.125
64.0,0.125
67.0,0.125
-
?C
60.0,0.5
?C
60.0,0.5
60.0,0.0
?C
60.0,0.5
71.0,0.0
?C
71.0,0.5
69.0,0.5
?F
69.0,0.5
?F
69.0,0.5
?F
69.0,0.5
?F
60.0,0.5
?C
60.0,0.5
60.0,0.0
?C
60.0,0.5
71.0,0.0
?C
71.0,0.5
69.0,0.5
?C
69.0,0.5
?F
69.0,0.5
-
?Am
72.0,0.375
67.0,0.125
?Am
67.0,0.25
69.0,0.25
?Am
69.0,0.25
69.0,0.25
?Am
69.0,0.25
69.0,0.25
?C
69.0,0.375
71.0,0.125
?C
71.0,0.25
72.0,0.25
?C
72.0,0.25
72.0,0.25
-
?C
64.0,0.25
64.0,0.125
60.0,0.125
?C
67.0,0.125
64.0,0.125
60.0,0.125
55.0,0.125
?G
59.0,0.125
62.0,0.125
64.0,0.125
62.0,0.125
?G
67.0,0.125
64.0,0.125
62.0,0.125
59.0,0.125
?Am
57.0,0.125
60.0,0.125
64.0,0.125
60.0,0.125
?Am
67.0,0.125
64.0,0.125
60.0,0.125
57.0,0.125
?F
53.0,0.125
57.0,0.125
60.0,0.125
57.0,0.125
-
