?G
71.0,0.25
72.0,0.125
72.0,0.125
?G
72.0,0.125
69.0,0.5
?G
69.0,0.25
67.0,0.25
?G
71.0,0.375
72.0,0.125
?Am
72.0,0.25
76.0,0.25
?Am
76.0,0.5
?Am
76.0,0.25
76.0,0.125
69.0,0.125
?Am
0.0,0.125
71.0,0.25
72.0,0.125
?Am
72.0,0.25
69.0,0.25
?Am
69.0,0.5
?Am
69.0,0.25
69.0,0.125
67.0,0.125
?Am
0.0,0.125
71.0,0.25
72.0,0.125
?Am
72.0,0.25
76.0,0.5
-
?C#dim
57.0,0.25
67.0,0.125
64.0,0.125
?C#dim
69.0,0.125
67.0,0.125
64.0,0.125
62.0,0.125
?F#dim
62.0,0.125
72.0,0.125
69.0,0.125
74.0,0.125
?F#dim
72.0,0.125
69.0,0.125
67.0,0.0625
68.0,0.0625
69.0,0.125
?C#dim
57.0,0.25
67.0,0.125
64.0,0.125
?C#dim
69.0,0.125
67.0,0.125
64.0,0.125
62.0,0.125
?F#dim
62.0,0.125
72.0,0.125
69.0,0.125
74.0,0.125
?F#dim
72.0,0.125
69.0,0.125
67.0,0.0625
68.0,0.0625
69.0,0.125
?C#dim
57.0,0.25
67.0,0.125
64.0,0.125
?C#dim
69.0,0.125
67.0,0.125
64.0,0.125
62.0,0.125
?F#dim
62.0,0.125
72.0,0.125
69.0,0.125
74.0,0.125
?F#dim
72.0,0.125
69.0,0.125
67.0,0.0625
68.0,0.0625
69.0,0.125
?C#dim
57.0,0.25
67.0,0.125
64.0,0.125
?C#dim
69.0,0.125
67.0,0.125
64.0,0.125
62.0,0.125
?F#dim
62.0,0.125
72.0,0.125
69.0,0.125
74.0,0.125
-
?C
0.0,0.5
?G
0.0,0.125
60.0,0.125
62.0,0.125
65.0,0.125
?C
65.0,0.125
64.0,0.25
0.0,0.125
?C
0.0,0.125
60.0,0.125
62.0,0.125
65.0,0.125
?F
65.0,0.125
64.0,0.25
0.0,0.125
?F
0.0,0.125
60.0,0.125
62.0,0.125
65.0,0.125
?Am
65.0,0.125
64.0,0.25
62.0,0.125
?Am
62.0,0.125
60.0,0.25
62.0,0.125
?G
62.0,0.125
0.0,0.375
?G
0.0,0.125
60.0,0.125
62.0,0.125
65.0,0.125
?C
65.0,0.125
64.0,0.25
0.0,0.125
?C
0.0,0.125
60.0,0.125
62.0,0.125
65.0,0.125
?F
65.0,0.125
64.0,0.25
0.0,0.125
?F
0.0,0.125
60.0,0.125
62.0,0.125
65.0,0.125
?Am
65.0,0.125
64.0,0.25
62.0,0.125
?Am
62.0,0.125
60.0,0.25
62.0,0.125
?G
62.0,0.25
0.0,0.25
?G
0.0,0.125
60.0,0.125
60.0,0.125
71.0,0.125
?Am
71.0,0.125
72.0,0.25
0.0,0.125
?Am
0.0,0.125
60.0,0.125
60.0,0.125
71.0,0.125
?F
71.0,0.125
69.0,0.25
0.0,0.125
?F
0.0,0.125
60.0,0.25
65.0,0.125
?C
65.0,0.125
64.0,0.25
62.0,0.125
-
?F
60.0,0.125
60.0,0.125
60.0,0.125
62.0,0.125
?G
62.0,0.125
62.0,0.125
64.0,0.25
?Am
64.0,0.5
?Am
0.0,0.25
64.0,0.125
65.0,0.125
?C
67.0,0.25
67.0,0.125
67.0,0.125
?C
67.0,0.125
65.0,0.125
64.0,0.25
?F
60.0,0.5
?F
0.0,0.25
55.0,0.125
57.0,0.125
?F
60.0,0.125
60.0,0.125
60.0,0.125
62.0,0.125
?G
62.0,0.125
62.0,0.125
64.0,0.25
?Am
64.0,0.5
?Am
0.0,0.125
62.0,0.125
60.0,0.125
62.0,0.125
?G
59.0,0.5
?G
59.0,0.25
0.0,0.5
-
?Am
57.0,0.25
60.0,0.25
?Am
67.0,0.25
69.0,0.25
?F
0.0,0.5
?F
62.0,0.125
64.0,0.125
62.0,0.25
?C
55.0,0.25
0.0,0.25
?C
0.0,0.5
?G
0.0,0.5
?G
0.0,0.5
?Am
57.0,0.25
60.0,0.25
?Am
67.0,0.25
69.0,0.25
?F
0.0,0.5
?F
62.0,0.125
64.0,0.125
62.0,0.25
?C
55.0,0.25
0.0,0.25
?C
0.0,0.5
?G
0.0,0.5
-
?C
64.0,0.5
?G
62.0,0.25
67.0,0.25
?F
65.0,0.5
?C
65.0,0.125
64.0,0.125
60.0,0.125
55.0,0.125
?F
57.0,0.5
?C
55.0,0.125
60.0,0.125
55.0,0.125
52.0,0.125
?G
50.0,0.25
52.0,0.25
-
?C
0.0,0.25
72.0,0.125
72.0,0.125
?C
72.0,0.125
64.0,0.25
65.0,0.125
?F
65.0,0.25
65.0,0.125
64.0,0.125
?F
65.0,0.125
67.0,0.25
0.0,0.125
?F
0.0,0.25
72.0,0.125
72.0,0.125
?F
72.0,0.125
64.0,0.25
65.0,0.125
?G
65.0,0.25
65.0,0.125
64.0,0.125
?G
65.0,0.125
67.0,0.125
65.0,0.125
64.0,0.125
?C
64.0,0.125
72.0,0.25
72.0,0.125
?C
72.0,0.125
67.0,0.25
64.0,0.125
?Am
64.0,0.5
64.0,0.0
?Am
64.0,0.125
65.0,0.125
67.0,0.125
69.0,0.125
?F
69.0,0.25
64.0,0.125
64.0,0.125
?F
64.0,0.125
64.0,0.25
64.0,0.125
?C
64.0,0.125
62.0,0.125
64.0,0.125
67.0,0.125
-
?C
60.0,0.5
?C
60.0,0.5
60.0,0.0
?C
60.0,0.5
71.0,0.0
?C
71.0,0.5
69.0,0.5
?F
69.0,0.5
?F
69.0,0.5
?F
69.0,0.5
?F
60.0,0.5
?C
60.0,0.5
60.0,0.0
?C
60.0,0.5
71.0,0.0
?C
71.0,0.5
69.0,0.5
?C
69.0,0.5
?F
69.0,0.5
-
?Am
72.0,0.375
67.0,0.125
?Am
67.0,0.25
69.0,0.25
?Am
69.0,0.25
69.0,0.25
?Am
69.0,0.25
69.0,0.25
?C
69.0,0.375
71.0,0.125
?C
71.0,0.25
72.0,0.25
?C
72.0,0.25
72.0,0.25
-
?C
64.0,0.25
64.0,0.125
60.0,0.125
?C
67.0,0.125
64.0,0.125
60.0,0.125
55.0,0.125
?G
59.0,0.125
62.0,0.125
64.0,0.125
62.0,0.125
?G
67.0,0.125
64.0,0.125
62.0,0.125
59.0,0.125
?Am
57.0,0.125
60.0,0.125
64.0,0.125
60.0,0.125
?Am
67.0,0.125
64.0,0.125
60.0,0.125
57.0,0.125
?F
53.0,0.125
57.0,0.125
60.0,0.125
57.0,0.125
-
?Am
60.0,0.25
52.0,0.25
?F
52.0,0.125
53.0,0.125
55.0,0.25
?C
55.0,0.5
0.0,0.0
?G
0.0,0.25
57.0,0.125
59.0,0.125
?Am
60.0,0.25
52.0,0.25
?F
52.0,0.125
53.0,0.125
55.0,0.25
?C
55.0,0.5
0.0,0.0
?G
0.0,0.25
57.0,0.125
59.0,0.125
?Am
60.0,0.25
52.0,0.25
?F
52.0,0.125
53.0,0.125
55.0,0.25
?C
55.0,0.5
0.0,0.0
?G
0.0,0.25
57.0,0.125
59.0,0.125
?Am
60.0,0.25
52.0,0.25
-
?Dm
0.0,0.125
74.0,0.0625
76.0,0.0625
77.0,0.25
?C
72.0,0.125
76.0,0.25
72.0,0.125
?Am
0.0,0.125
69.0,0.0625
71.0,0.0625
72.0,0.25
?G
72.0,0.125
71.0,0.125
72.0,0.125
71.0,0.125
?Dm
0.0,0.125
74.0,0.0625
76.0,0.0625
77.0,0.25
?C
72.0,0.125
76.0,0.25
72.0,0.125
?Am
0.0,0.125
69.0,0.0625
71.0,0.0625
72.0,0.25
-
?Em
64.0,0.125
67.0,0.125
71.0,0.125
76.0,0.125
?Em
79.0,0.25
0.0,0.25
?D#dim
59.0,0.125
69.0,0.125
72.0,0.125
76.0,0.125
?D#dim
78.0,0.25
0.0,0.25
?C
60.0,0.25
72.0,0.125
76.0,0.125
?C
79.0,0.25
0.0,0.25
?Am
57.0,0.125
69.0,0.125
72.0,0.125
75.0,0.125
?Am
78.0,0.25
0.0,0.25
?Em
64.0,0.125
67.0,0.125
71.0,0.125
76.0,0.125
?Em
79.0,0.25
0.0,0.25
?D#dim
59.0,0.125
69.0,0.125
72.0,0.125
76.0,0.125
?D#dim
78.0,0.25
0.0,0.25
?C
60.0,0.25
72.0,0.125
76.0,0.125
?C
79.0,0.25
0.0,0.25
?Am
57.0,0.125
69.0,0.125
72.0,0.125
75.0,0.125
?Am
78.0,0.25
0.0,0.25
?Em
64.0,0.125
66.0,0.125
67.0,0.125
69.0,0.125
?Em
71.0,0.25
0.0,0.25
?D#dim
72.0,0.125
71.0,0.125
69.0,0.125
76.0,0.125
?D#dim
78.0,0.25
0.0,0.25
?C
72.0,0.125
71.0,0.125
69.0,0.125
76.0,0.125
?C
79.0,0.25
0.0,0.25
?Am
72.0,0.125
71.0,0.125
69.0,0.25
?Am
76.0,0.375
0.0,0.125
?Em
64.0,0.125
66.0,0.125
67.0,0.125
69.0,0.125
?Em
71.0,0.25
0.0,0.25
?D#dim
72.0,0.125
71.0,0.125
69.0,0.125
76.0,0.125
?D#dim
78.0,0.25
0.0,0.25
?C
72.0,0.125
71.0,0.125
69.0,0.125
76.0,0.125
?C
79.0,0.25
0.0,0.25
?Am
72.0,0.125
71.0,0.125
69.0,0.25
-
?C
60.0,0.5
?G
67.0,0.0625
66.0,0.0625
67.0,0.125
69.0,0.125
64.0,0.125
?Am
64.0,0.5
67.0,0.0
?G
67.0,0.0625
66.0,0.0625
67.0,0.125
69.0,0.125
60.0,0.125
?F
60.0,0.5
?F#dim
60.0,0.5
-
?Am
76.0,0.125
64.0,0.125
74.0,0.125
69.0,0.125
?Am
72.0,0.125
69.0,0.125
64.0,0.125
69.0,0.125
?C
69.0,0.125
57.0,0.0625
60.0,0.0625
67.0,0.125
64.0,0.125
?C
72.0,0.125
60.0,0.125
81.0,0.125
79.0,0.125
?D
78.0,0.125
57.0,0.125
74.0,0.125
62.0,0.125
?D
69.0,0.125
57.0,0.125
71.0,0.125
57.0,0.125
-
?Am
72.0,0.125
72.0,0.125
72.0,0.125
72.0,0.125
?C
76.0,0.125
76.0,0.125
76.0,0.125
76.0,0.125
?G
71.0,0.125
71.0,0.125
71.0,0.125
77.0,0.125
?Dm
77.0,0.125
77.0,0.125
77.0,0.125
76.0,0.125
?Am
72.0,0.125
72.0,0.125
72.0,0.125
72.0,0.125
?C
76.0,0.125
76.0,0.125
76.0,0.125
76.0,0.125
?G
71.0,0.125
71.0,0.125
71.0,0.125
77.0,0.125
-
?Am
60.0,0.125
57.0,0.125
60.0,0.125
64.0,0.125
?Am
62.0,0.125
60.0,0.125
59.0,0.125
55.0,0.125
?F
57.0,0.0625
59.0,0.0625
60.0,0.0625
59.0,0.0625
57.0,0.125
53.0,0.125
?F
53.0,0.125
57.0,0.375
?G
59.0,0.125
50.0,0.125
55.0,0.125
59.0,0.125
?G
57.0,0.125
55.0,0.125
50.0,0.125
55.0,0.125
?G
59.0,0.0625
60.0,0.0625
62.0,0.0625
60.0,0.0625
59.0,0.125
62.0,0.125
?G
62.0,0.5
60.0,0.0
?Am
60.0,0.125
57.0,0.125
60.0,0.125
64.0,0.125
?Am
62.0,0.125
60.0,0.125
59.0,0.125
55.0,0.125
?F
57.0,0.0625
59.0,0.0625
60.0,0.0625
59.0,0.0625
57.0,0.125
53.0,0.125
?F
53.0,0.125
57.0,0.375
?G
59.0,0.125
50.0,0.125
55.0,0.125
59.0,0.125
?G
57.0,0.125
55.0,0.125
50.0,0.125
55.0,0.125
-
?Am
69.0,0.25
0.0,0.125
69.0,0.125
?Am
69.0,0.125
67.0,0.25
64.0,0.125
?F
64.0,0.25
0.0,0.125
64.0,0.125
?F
64.0,0.125
62.0,0.375
?G
67.0,0.25
0.0,0.125
67.0,0.125
?G
67.0,0.125
60.0,0.25
59.0,0.125
?Dm
59.0,0.25
0.0,0.125
59.0,0.125
-
?G
0.0,0.125
67.0,0.1875
65.0,0.0625
67.0,0.0625
65.0,0.0625
?G
67.0,0.0625
65.0,0.125
62.0,0.25
0.0,0.0625
?G
0.0,0.125
67.0,0.1875
65.0,0.0625
67.0,0.0625
65.0,0.0625
-
?Am
74.0,0.125
76.0,0.375
?Am
76.0,0.25
76.0,0.125
74.0,0.125
?Ddim
71.0,0.125
76.0,0.375
?Ddim
74.0,0.25
77.0,0.125
76.0,0.125
?E
74.0,0.125
76.0,0.375
?E
76.0,0.25
76.0,0.125
74.0,0.125
?Am
72.0,0.125
76.0,0.375
-
?Am
72.0,0.375
67.0,0.125
?Am
67.0,0.25
69.0,0.25
?Am
69.0,0.25
69.0,0.25
?Am
69.0,0.25
69.0,0.25
?C
69.0,0.375
71.0,0.125
?C
71.0,0.25
72.0,0.25
?C
72.0,0.25
72.0,0.25
-
?C
60.0,0.5
?C
60.0,0.5
60.0,0.0
?C
60.0,0.5
71.0,0.0
?C
71.0,0.5
69.0,0.5
?F
69.0,0.5
?F
69.0,0.5
?F
69.0,0.5
?F
60.0,0.5
?C
60.0,0.5
60.0,0.0
?C
60.0,0.5
71.0,0.0
?C
71.0,0.5
69.0,0.5
?C
69.0,0.5
?F
69.0,0.5
-
?D
67.0,0.125
69.0,0.125
67.0,0.125
65.0,0.125
?F
62.0,0.25
67.0,0.125
69.0,0.125
?C
67.0,0.125
65.0,0.125
62.0,0.25
?G
0.0,0.25
62.0,0.25
?D
67.0,0.125
69.0,0.125
67.0,0.125
65.0,0.125
?F
62.0,0.25
67.0,0.125
69.0,0.125
?C
67.0,0.125
65.0,0.125
62.0,0.25
-
?C
0.0,0.5
?C
0.0,0.5
?F
0.0,0.5
?F
0.0,0.5
?Am
0.0,0.5
?Am
0.0,0.5
?G
0.0,0.5
?G
0.0,0.1875
64.0,0.125
0.0,0.0625
60.0,0.125
?C
65.0,0.125
0.0,0.125
64.0,0.25
?C
0.0,0.1875
64.0,0.125
0.0,0.0625
60.0,0.125
?F
65.0,0.125
64.0,0.125
60.0,0.25
?F
0.0,0.1875
64.0,0.125
0.0,0.0625
60.0,0.125
?Am
65.0,0.125
0.0,0.125
64.0,0.25
?Am
0.0,0.1875
64.0,0.125
0.0,0.0625
60.0,0.125
-
?Am
0.0,0.4375
72.0,0.0625
?C
72.0,0.25
69.0,0.25
?D
0.0,0.4375
76.0,0.0625
?F
76.0,0.25
72.0,0.25
?Am
0.0,0.4375
72.0,0.0625
?C
72.0,0.25
69.0,0.25
?D
0.0,0.4375
76.0,0.0625
-
?Am
83.0,0.125
84.0,0.125
76.0,0.125
83.0,0.125
?Am
83.0,0.125
84.0,0.125
0.0,0.25
?Am
83.0,0.125
84.0,0.125
76.0,0.125
84.0,0.125
?Am
84.0,0.125
83.0,0.25
74.0,0.125
?Dm
81.0,0.125
83.0,0.125
74.0,0.125
81.0,0.125
?Dm
81.0,0.125
83.0,0.25
74.0,0.125
?G
79.0,0.5
?Dm
77.0,0.5
?Am
83.0,0.125
84.0,0.125
76.0,0.125
83.0,0.125
?Am
83.0,0.125
84.0,0.125
0.0,0.25
?Am
84.0,0.125
83.0,0.125
76.0,0.125
84.0,0.125
?Am
84.0,0.125
83.0,0.25
74.0,0.125
?Dm
81.0,0.125
83.0,0.125
74.0,0.125
81.0,0.125
?Dm
81.0,0.125
83.0,0.25
74.0,0.125
?G
79.0,0.5
-
?Am
69.0,0.5
?Am
69.0,0.5
?Am
71.0,0.25
72.0,0.25
?Am
65.0,0.5
?F
65.0,0.5
?F
71.0,0.25
72.0,0.25
?F
67.0,0.5
?F
67.0,0.5
?C
71.0,0.25
72.0,0.25
?C
64.0,0.5
?C
64.0,0.5
60.0,0.0
?C
60.0,0.5
59.0,0.0
?G
59.0,0.5
72.0,0.0
?G
72.0,0.1875
71.0,0.1875
69.0,0.125
?G
64.0,0.5
?G
64.0,0.5
59.0,0.0
?Am
59.0,0.25
60.0,0.25
?Am
72.0,0.1875
71.0,0.1875
69.0,0.125
?Am
65.0,0.5
?Am
65.0,0.5
59.0,0.0
?F
59.0,0.25
60.0,0.25
?F
72.0,0.1875
71.0,0.1875
69.0,0.125
?F
62.0,0.5
?F
64.0,0.5
?C
59.0,0.25
60.0,0.125
62.0,0.0625
64.0,0.0625
?C
62.0,0.5
?C
62.0,0.5
60.0,0.0
-
?F
57.0,0.0625
0.0,0.1875
55.0,0.125
59.0,0.125
?F
55.0,0.125
57.0,0.125
57.0,0.125
55.0,0.0625
0.0,0.0625
?C
57.0,0.0625
0.0,0.1875
55.0,0.125
59.0,0.125
?C
55.0,0.125
57.0,0.125
57.0,0.125
55.0,0.0625
0.0,0.0625
?G
57.0,0.0625
0.0,0.1875
55.0,0.125
59.0,0.125
?G
55.0,0.125
57.0,0.125
57.0,0.125
55.0,0.0625
0.0,0.0625
?Am
57.0,0.0625
0.0,0.1875
55.0,0.125
59.0,0.125
-
?C
57.0,0.125
55.0,0.125
57.0,0.125
55.0,0.125
?C
57.0,0.125
60.0,0.0625
64.0,0.125
60.0,0.0625
55.0,0.125
?G
52.0,0.125
50.0,0.125
52.0,0.125
50.0,0.125
?G
52.0,0.125
55.0,0.0625
59.0,0.3125
?A#
55.0,0.125
53.0,0.125
55.0,0.125
53.0,0.125
?A#
55.0,0.125
58.0,0.0625
62.0,0.125
58.0,0.0625
53.0,0.125
?F
50.0,0.125
48.0,0.125
50.0,0.125
48.0,0.125
-
?Am
69.0,0.1875
69.0,0.1875
69.0,0.125
?C
69.0,0.125
67.0,0.1875
67.0,0.1875
?Am
69.0,0.1875
69.0,0.1875
69.0,0.125
?Em
69.0,0.125
64.0,0.1875
64.0,0.1875
?F
65.0,0.1875
65.0,0.1875
65.0,0.125
?Am
65.0,0.125
64.0,0.1875
64.0,0.1875
?F
65.0,0.1875
65.0,0.1875
65.0,0.125
-
?Am
57.0,0.25
57.0,0.1875
52.0,0.0625
?G
55.0,0.125
57.0,0.375
?F
57.0,0.125
52.0,0.125
55.0,0.125
60.0,0.125
?F
60.0,0.5
57.0,0.0
?Am
57.0,0.25
57.0,0.1875
52.0,0.0625
?G
55.0,0.125
57.0,0.375
?Am
57.0,0.125
60.0,0.125
55.0,0.125
57.0,0.125
?Am
57.0,0.5
57.0,0.0
?Am
57.0,0.25
57.0,0.1875
52.0,0.0625
?G
55.0,0.125
57.0,0.375
?F
57.0,0.125
52.0,0.125
55.0,0.125
60.0,0.125
?F
60.0,0.5
57.0,0.0
?Am
57.0,0.25
57.0,0.1875
52.0,0.0625
?G
55.0,0.125
57.0,0.375
?Am
62.0,0.0625
64.0,0.0625
62.0,0.0625
60.0,0.0625
59.0,0.125
57.0,0.125
-
?Am
57.0,0.125
57.0,0.125
64.0,0.125
64.0,0.125
?Am
64.0,0.125
64.0,0.125
64.0,0.125
63.0,0.125
?B
63.0,0.125
63.0,0.125
63.0,0.125
63.0,0.125
?B
63.0,0.125
62.0,0.125
63.0,0.125
63.0,0.125
?Em
64.0,0.25
57.0,0.25
?Em
0.0,0.5
?Am
0.0,0.5
?Am
60.0,0.25
67.0,0.25
?Cm
67.0,0.125
67.0,0.25
66.0,0.125
?Cm
66.0,0.125
66.0,0.125
66.0,0.125
64.0,0.125
?D
62.0,0.25
66.0,0.125
68.0,0.125
?D
68.0,0.25
0.0,0.5
?Ddim
0.0,0.5
?Ddim
0.0,0.5
?G
64.0,0.25
64.0,0.125
64.0,0.125
?Dm
64.0,0.125
64.0,0.125
64.0,0.125
64.0,0.125
?Am
64.0,0.125
60.0,0.125
60.0,0.125
60.0,0.125
?Am
60.0,0.125
60.0,0.125
64.0,0.25
?Am
62.0,0.25
62.0,0.125
62.0,0.125
?Am
62.0,0.125
62.0,0.125
62.0,0.25
?A#
62.0,0.25
62.0,0.125
62.0,0.125
?A#
62.0,0.125
64.0,0.125
62.0,0.125
62.0,0.125
?A#
59.0,0.5
?A#
0.0,0.5
?G#dim
0.0,0.5
57.0,0.0
?G#dim
57.0,0.125
57.0,0.125
60.0,0.125
62.0,0.125
?G#dim
64.0,0.375
57.0,0.125
?G#dim
57.0,0.5
0.0,0.0
?Am
0.0,0.375
57.0,0.125
?Am
57.0,0.125
57.0,0.125
60.0,0.125
62.0,0.125
?C
64.0,0.375
57.0,0.125
?C
57.0,0.125
57.0,0.125
67.0,0.125
66.0,0.125
-
?D#
39.0,0.25
0.0,0.1875
39.0,0.0625
?D#
50.0,0.0625
51.0,0.0625
43.0,0.0625
39.0,0.0625
39.0,0.0625
0.0,0.0625
39.0,0.125
?D#
0.0,0.0625
39.0,0.0625
50.0,0.0625
51.0,0.0625
39.0,0.125
0.0,0.0625
39.0,0.0625
?D#
50.0,0.0625
51.0,0.0625
43.0,0.125
46.0,0.0625
51.0,0.0625
46.0,0.125
?Cm
36.0,0.25
0.0,0.1875
36.0,0.0625
?Cm
46.0,0.0625
48.0,0.0625
39.0,0.0625
36.0,0.0625
36.0,0.0625
0.0,0.0625
36.0,0.125
?Cm
0.0,0.0625
36.0,0.0625
46.0,0.0625
48.0,0.0625
36.0,0.125
0.0,0.0625
36.0,0.0625
?Cm
46.0,0.0625
48.0,0.0625
39.0,0.125
43.0,0.0625
48.0,0.0625
43.0,0.125
?D#
39.0,0.25
0.0,0.1875
39.0,0.0625
?D#
50.0,0.0625
51.0,0.0625
46.0,0.125
46.0,0.0625
0.0,0.0625
39.0,0.125
?D#
0.0,0.0625
39.0,0.0625
50.0,0.0625
51.0,0.0625
39.0,0.125
0.0,0.0625
39.0,0.0625
?D#
50.0,0.0625
51.0,0.0625
43.0,0.125
46.0,0.0625
51.0,0.1875
?Cm
36.0,0.25
0.0,0.1875
36.0,0.0625
?Cm
46.0,0.0625
48.0,0.0625
39.0,0.0625
36.0,0.0625
36.0,0.0625
0.0,0.0625
36.0,0.125
?Cm
0.0,0.0625
36.0,0.0625
46.0,0.0625
48.0,0.0625
36.0,0.125
0.0,0.0625
36.0,0.0625
-
?C
60.0,0.5
?C
60.0,0.5
?C
65.0,0.25
65.0,0.25
?C
65.0,0.5
?C
65.0,0.5
?C
72.0,0.25
72.0,0.25
?C
67.0,0.5
?C
67.0,0.5
-
?C
0.0,0.25
64.0,0.25
?C
64.0,0.125
62.0,0.125
60.0,0.125
58.0,0.125
?C
58.0,0.125
58.0,0.25
60.0,0.125
?C
60.0,0.125
62.0,0.125
60.0,0.25
?C
0.0,0.25
64.0,0.25
?C
64.0,0.125
62.0,0.125
60.0,0.125
58.0,0.125
?C
58.0,0.125
58.0,0.25
60.0,0.125
-
?Am
60.0,0.0625
59.0,0.0625
60.0,0.0625
57.0,0.0625
60.0,0.0625
52.0,0.0625
60.0,0.0625
57.0,0.0625
?F
60.0,0.0625
53.0,0.0625
65.0,0.0625
57.0,0.0625
60.0,0.0625
53.0,0.0625
65.0,0.0625
60.0,0.0625
?C
64.0,0.0625
60.0,0.0625
65.0,0.0625
60.0,0.0625
67.0,0.0625
60.0,0.0625
62.0,0.0625
60.0,0.0625
?G
62.0,0.0625
55.0,0.0625
67.0,0.0625
60.0,0.0625
62.0,0.0625
55.0,0.0625
67.0,0.0625
59.0,0.0625
?Am
60.0,0.0625
59.0,0.0625
60.0,0.0625
57.0,0.0625
60.0,0.0625
52.0,0.0625
60.0,0.0625
57.0,0.0625
?F
60.0,0.0625
53.0,0.0625
65.0,0.0625
57.0,0.0625
60.0,0.0625
53.0,0.0625
65.0,0.0625
60.0,0.0625
?C
64.0,0.0625
60.0,0.0625
65.0,0.0625
60.0,0.0625
67.0,0.0625
60.0,0.0625
62.0,0.0625
60.0,0.0625
-
?C
48.0,0.125
55.0,0.125
60.0,0.125
64.0,0.125
?C
55.0,0.125
60.0,0.125
64.0,0.125
60.0,0.125
?Em
52.0,0.125
59.0,0.125
64.0,0.125
71.0,0.125
?Em
59.0,0.125
64.0,0.125
71.0,0.125
64.0,0.125
?Am
45.0,0.125
52.0,0.125
60.0,0.125
64.0,0.125
?Am
52.0,0.125
60.0,0.125
64.0,0.125
43.0,0.125
?F
41.0,0.125
48.0,0.125
53.0,0.125
57.0,0.125
?F
48.0,0.125
53.0,0.125
60.0,0.25
?C
0.0,0.25
64.0,0.0625
0.0,0.0625
64.0,0.125
?C
64.0,0.125
64.0,0.125
67.0,0.25
?Em
69.0,0.25
0.0,0.25
?Em
64.0,0.125
64.0,0.125
64.0,0.125
64.0,0.0625
0.0,0.0625
?Am
64.0,0.25
60.0,0.25
?Am
57.0,0.5
?F
0.0,0.5
?F
0.0,0.125
55.0,0.125
57.0,0.125
55.0,0.125
?C
0.0,0.125
55.0,0.0625
0.0,0.0625
64.0,0.0625
0.0,0.0625
64.0,0.125
?C
64.0,0.25
67.0,0.25
?Em
69.0,0.25
0.0,0.25
?Em
64.0,0.125
64.0,0.125
64.0,0.125
64.0,0.0625
0.0,0.0625
?Am
64.0,0.25
60.0,0.25
-
?C
67.0,0.25
65.0,0.25
?C
67.0,0.25
65.0,0.25
?Am
76.0,0.125
72.0,0.125
74.0,0.125
71.0,0.125
-
?Am
76.0,0.125
72.0,0.125
69.0,0.125
76.0,0.125
?Am
72.0,0.125
69.0,0.125
72.0,0.125
69.0,0.125
?Dm
77.0,0.125
74.0,0.125
69.0,0.125
76.0,0.125
?C
72.0,0.125
67.0,0.125
76.0,0.125
72.0,0.125
?G
74.0,0.125
71.0,0.125
67.0,0.125
74.0,0.125
?G
71.0,0.125
67.0,0.125
71.0,0.125
67.0,0.125
?C
76.0,0.125
72.0,0.125
67.0,0.125
74.0,0.125
?G
71.0,0.125
67.0,0.125
71.0,0.125
67.0,0.125
?Am
76.0,0.125
72.0,0.125
69.0,0.125
76.0,0.125
?Am
72.0,0.125
69.0,0.125
72.0,0.125
69.0,0.125
?Dm
77.0,0.125
74.0,0.125
69.0,0.125
76.0,0.125
?C
72.0,0.125
67.0,0.125
76.0,0.125
72.0,0.125
?G
74.0,0.125
71.0,0.125
67.0,0.125
74.0,0.125
?G
71.0,0.125
67.0,0.125
71.0,0.125
67.0,0.125
?C
76.0,0.125
72.0,0.125
67.0,0.125
74.0,0.125
-
?Am
0.0,0.5
?Am
0.0,0.5
?Dm
0.0,0.5
?F
0.0,0.5
?C
0.0,0.5
?C
0.0,0.5
?F
0.0,0.25
64.0,0.125
65.0,0.125
?F
67.0,0.125
67.0,0.375
?Am
67.0,0.5
67.0,0.0
?Am
67.0,0.125
67.0,0.375
?Dm
67.0,0.5
0.0,0.0
?F
0.0,0.125
67.0,0.125
67.0,0.125
67.0,0.125
?C
67.0,0.125
65.0,0.125
64.0,0.125
60.0,0.125
?C
60.0,0.5
?F
60.0,0.25
64.0,0.125
65.0,0.125
?Em
67.0,0.125
67.0,0.375
?Am
67.0,0.5
67.0,0.0
?Am
67.0,0.125
67.0,0.375
?Dm
67.0,0.5
0.0,0.0
?Fdim
0.0,0.125
67.0,0.125
67.0,0.125
67.0,0.125
?C
67.0,0.125
65.0,0.125
64.0,0.125
60.0,0.125
?C
60.0,0.5
?F
60.0,0.5
?Em
0.0,0.25
76.0,0.25
?Am
74.0,0.125
72.0,0.125
72.0,0.125
69.0,0.125
?Am
72.0,0.25
72.0,0.125
69.0,0.125
?Dm
69.0,0.375
69.0,0.125
?Fdim
69.0,0.125
67.0,0.125
67.0,0.125
64.0,0.125
?C
69.0,0.25
67.0,0.125
69.0,0.125
?C
64.0,0.125
60.0,0.125
60.0,0.25
?F
60.0,0.5
0.0,0.0
?Em
0.0,0.25
76.0,0.25
?Am
74.0,0.125
72.0,0.125
72.0,0.125
69.0,0.125
?Am
72.0,0.25
72.0,0.125
69.0,0.125
?Dm
69.0,0.375
69.0,0.125
?F
69.0,0.125
67.0,0.125
67.0,0.125
64.0,0.125
?C
69.0,0.25
67.0,0.125
69.0,0.125
-
?C
60.0,0.5
?C
60.0,0.5
0.0,0.5
?C
0.0,0.25
60.0,0.125
62.0,0.125
?C
62.0,0.0625
64.0,0.0625
62.0,0.125
60.0,0.125
59.0,0.125
?C
59.0,0.125
55.0,0.125
65.0,0.0625
67.0,0.0625
65.0,0.125
?C
64.0,0.125
60.0,0.375
?C
0.0,0.5
?C
0.0,0.5
60.0,0.0
?C
60.0,0.25
59.0,0.25
?C
55.0,0.375
55.0,0.125
?G
55.0,0.25
57.0,0.25
?G
52.0,0.375
52.0,0.125
?C
60.0,0.25
59.0,0.25
?C
55.0,0.25
55.0,0.125
52.0,0.125
?C
55.0,0.25
57.0,0.25
?C
0.0,0.5
?C
0.0,0.125
48.0,0.125
48.0,0.125
55.0,0.125
?C
55.0,0.125
53.0,0.25
52.0,0.125
?Fdim
52.0,0.125
50.0,0.25
52.0,0.125
?Fdim
52.0,0.5
0.0,0.0
?G
0.0,0.125
48.0,0.125
48.0,0.125
55.0,0.125
?G
55.0,0.125
53.0,0.25
52.0,0.125
?G
52.0,0.125
50.0,0.25
48.0,0.125
?G
48.0,0.5
60.0,0.0
?C
60.0,0.125
60.0,0.125
62.0,0.25
?C
62.0,0.5
62.0,0.0
?F
62.0,0.125
62.0,0.125
64.0,0.25
?F
64.0,0.125
0.0,0.25
60.0,0.125
?C
60.0,0.125
60.0,0.125
60.0,0.25
?C
71.0,0.25
72.0,0.125
67.0,0.125
?C
67.0,0.125
65.0,0.125
64.0,0.125
65.0,0.125
?G
64.0,0.125
62.0,0.125
60.0,0.125
0.0,0.125
?C
0.0,0.5
62.0,0.0
?C
62.0,0.125
64.0,0.125
64.0,0.125
64.0,0.125
-
?F
76.0,0.125
74.0,0.25
72.0,0.125
?F
71.0,0.25
69.0,0.125
67.0,0.125
?F
67.0,0.125
69.0,0.125
67.0,0.25
?F
67.0,0.125
0.0,0.375
?C
67.0,0.125
69.0,0.25
67.0,0.125
?C
67.0,0.25
72.0,0.125
69.0,0.125
?C
69.0,0.125
67.0,0.125
67.0,0.25
?C
0.0,0.5
?C
76.0,0.125
74.0,0.25
72.0,0.125
?C
71.0,0.25
69.0,0.125
67.0,0.125
?C
67.0,0.125
69.0,0.125
67.0,0.25
?C
67.0,0.25
72.0,0.25
?C
71.0,0.25
0.0,0.125
69.0,0.125
?C
69.0,0.125
0.0,0.125
64.0,0.25
?C
64.0,0.125
62.0,0.375
?C
60.0,0.25
0.0,0.25
?C
76.0,0.125
74.0,0.25
72.0,0.125
?C
71.0,0.25
69.0,0.125
67.0,0.125
?C
67.0,0.125
69.0,0.125
67.0,0.25
?C
67.0,0.125
0.0,0.375
?C
67.0,0.125
69.0,0.25
67.0,0.125
?C
67.0,0.25
72.0,0.125
74.0,0.125
?C
74.0,0.25
76.0,0.125
76.0,0.125
?C
76.0,0.125
0.0,0.375
?C
76.0,0.125
74.0,0.25
72.0,0.125
?C
71.0,0.25
69.0,0.125
67.0,0.125
?C
67.0,0.125
69.0,0.125
67.0,0.25
?C
67.0,0.25
72.0,0.25
?F
71.0,0.25
0.0,0.125
69.0,0.125
?F
69.0,0.125
0.0,0.125
64.0,0.25
?F
64.0,0.125
62.0,0.375
-
?Am
69.0,0.25
0.0,0.125
69.0,0.125
?Am
69.0,0.125
67.0,0.25
64.0,0.125
?F
64.0,0.25
0.0,0.125
64.0,0.125
?F
64.0,0.125
62.0,0.375
?G
67.0,0.25
0.0,0.125
67.0,0.125
?G
67.0,0.125
60.0,0.25
59.0,0.125
?G
59.0,0.25
0.0,0.125
59.0,0.125
-
?C
0.0,0.5
?C
0.0,0.1875
62.0,0.0625
62.0,0.0625
62.0,0.0625
62.0,0.0625
62.0,0.0625
?G
67.0,0.125
67.0,0.125
65.0,0.125
65.0,0.0625
62.0,0.0625
?G
62.0,0.5
0.0,0.5
?G
0.0,0.1875
62.0,0.0625
62.0,0.125
62.0,0.125
?G
67.0,0.125
67.0,0.125
65.0,0.0625
65.0,0.125
62.0,0.0625
?G
62.0,0.25
0.0,0.125
60.0,0.0625
60.0,0.0625
?G
62.0,0.0625
60.0,0.125
59.0,0.3125
?G
0.0,0.1875
62.0,0.0625
62.0,0.125
62.0,0.125
?G
67.0,0.125
67.0,0.125
65.0,0.125
65.0,0.0625
67.0,0.0625
?G
67.0,0.0625
65.0,0.0625
62.0,0.375
?G
0.0,0.5
?G
0.0,0.125
67.0,0.0625
67.0,0.0625
67.0,0.125
72.0,0.125
?G
71.0,0.375
0.0,0.125
?G
0.0,0.125
67.0,0.125
67.0,0.125
72.0,0.125
-
?G
0.0,0.125
67.0,0.1875
65.0,0.0625
67.0,0.0625
65.0,0.0625
?G
67.0,0.0625
65.0,0.125
62.0,0.25
0.0,0.0625
?G
0.0,0.125
67.0,0.1875
65.0,0.0625
67.0,0.0625
65.0,0.0625
-
?Dm
62.0,0.5
?Dm
62.0,0.3125
62.0,0.0625
65.0,0.0625
69.0,0.0625
?Dm
74.0,0.25
74.0,0.125
69.0,0.125
?Dm
62.0,0.125
64.0,0.125
65.0,0.125
67.0,0.125
?Dm
69.0,0.5
?F
69.0,0.3125
65.0,0.0625
69.0,0.0625
72.0,0.0625
?F
77.0,0.3125
77.0,0.0625
76.0,0.0625
74.0,0.0625
?F
69.0,0.5
?Am
69.0,0.3125
64.0,0.0625
69.0,0.0625
72.0,0.0625
?Am
76.0,0.3125
76.0,0.0625
72.0,0.0625
69.0,0.0625
?Am
62.0,0.5
?Am
62.0,0.3125
62.0,0.0625
65.0,0.0625
69.0,0.0625
-
?Am
81.0,0.5
?Am
81.0,0.5
?Am
81.0,0.5
?Am
81.0,0.5
?Dm
81.0,0.5
?Dm
81.0,0.5
?G
81.0,0.5
?G
81.0,0.5
?Am
81.0,0.5
-
?Am
74.0,0.125
76.0,0.375
?Am
76.0,0.25
76.0,0.125
74.0,0.125
?Ddim
71.0,0.125
76.0,0.375
?Ddim
74.0,0.25
77.0,0.125
76.0,0.125
?E
74.0,0.125
76.0,0.375
?E
76.0,0.25
76.0,0.125
74.0,0.125
?Am
72.0,0.125
76.0,0.375
-
?F
0.0,0.125
65.0,0.125
60.0,0.25
?F
65.0,0.125
60.0,0.25
64.0,0.125
?C
64.0,0.125
64.0,0.125
60.0,0.25
?C
64.0,0.125
60.0,0.25
64.0,0.125
?C
64.0,0.125
64.0,0.125
60.0,0.25
?C
64.0,0.125
60.0,0.25
62.0,0.125
?G
62.0,0.125
62.0,0.125
60.0,0.25
?G
62.0,0.125
60.0,0.25
65.0,0.125
?F
65.0,0.125
65.0,0.125
60.0,0.25
?F
65.0,0.125
60.0,0.25
64.0,0.125
?C
64.0,0.125
64.0,0.125
60.0,0.25
?C
64.0,0.125
60.0,0.25
64.0,0.125
?C
64.0,0.125
64.0,0.125
60.0,0.25
?C
64.0,0.125
60.0,0.25
62.0,0.125
?G
62.0,0.125
62.0,0.125
60.0,0.25
-
?Am
74.0,0.125
74.0,0.0625
72.0,0.0625
74.0,0.0625
72.0,0.0625
69.0,0.0625
67.0,0.0625
?C
0.0,0.0625
72.0,0.1875
72.0,0.25
?Am
74.0,0.125
74.0,0.0625
72.0,0.0625
74.0,0.0625
72.0,0.0625
69.0,0.0625
67.0,0.0625
?C
0.0,0.125
76.0,0.125
0.0,0.125
76.0,0.125
?Am
74.0,0.125
74.0,0.0625
72.0,0.0625
74.0,0.0625
72.0,0.0625
69.0,0.0625
67.0,0.0625
?G
0.0,0.0625
77.0,0.0625
79.0,0.0625
76.0,0.3125
?F
72.0,0.1875
74.0,0.125
74.0,0.125
74.0,0.0625
-
?Am
60.0,0.375
57.0,0.125
?Am
57.0,0.125
59.0,0.25
60.0,0.125
?F
60.0,0.375
0.0,0.125
?F
0.0,0.25
60.0,0.125
59.0,0.125
?C
60.0,0.375
60.0,0.125
?C
60.0,0.125
59.0,0.25
59.0,0.125
?G
62.0,0.5
?G
0.0,0.25
59.0,0.25
?Am
60.0,0.375
57.0,0.125
?Am
57.0,0.125
59.0,0.25
60.0,0.125
?F
60.0,0.375
0.0,0.125
?F
0.0,0.25
60.0,0.125
59.0,0.125
?C
60.0,0.375
60.0,0.125
?C
60.0,0.125
59.0,0.25
59.0,0.125
?G
62.0,0.5
-
?C
48.0,0.125
52.0,0.125
55.0,0.125
52.0,0.125
?C
55.0,0.125
60.0,0.125
55.0,0.125
50.0,0.125
?G
47.0,0.125
50.0,0.125
55.0,0.125
47.0,0.125
?G
50.0,0.125
60.0,0.125
55.0,0.125
50.0,0.125
?C
45.0,0.125
52.0,0.125
55.0,0.125
45.0,0.125
?C
52.0,0.125
60.0,0.125
55.0,0.125
50.0,0.125
?F
41.0,0.125
50.0,0.125
60.0,0.125
50.0,0.125
-
?G
67.0,0.375
67.0,0.125
?G
67.0,0.125
74.0,0.125
72.0,0.25
?Dm
65.0,0.375
65.0,0.125
?Dm
65.0,0.125
74.0,0.125
72.0,0.25
?Dm
65.0,0.375
65.0,0.125
?Dm
65.0,0.125
74.0,0.125
72.0,0.25
?C
64.0,0.375
64.0,0.125
?C
64.0,0.125
74.0,0.125
72.0,0.25
?G
67.0,0.375
67.0,0.125
?G
67.0,0.125
74.0,0.125
72.0,0.25
?Dm
65.0,0.375
65.0,0.125
?Dm
65.0,0.125
74.0,0.125
72.0,0.25
?Dm
65.0,0.375
65.0,0.125
?Dm
65.0,0.125
74.0,0.125
72.0,0.25
-
?G
79.0,0.125
74.0,0.125
71.0,0.125
79.0,0.125
?G
74.0,0.125
71.0,0.125
79.0,0.125
74.0,0.125
?Dm
77.0,0.125
74.0,0.125
69.0,0.125
77.0,0.125
?Dm
74.0,0.125
69.0,0.125
77.0,0.125
74.0,0.125
?Dm
77.0,0.125
74.0,0.125
69.0,0.125
77.0,0.125
?Dm
74.0,0.125
69.0,0.125
77.0,0.125
74.0,0.125
?C
76.0,0.125
72.0,0.125
69.0,0.125
76.0,0.125
-
?C
48.0,0.4375
50.0,0.0625
?Em
52.0,0.25
55.0,0.25
?C
57.0,0.5
?Em
55.0,0.5
?C
48.0,0.4375
50.0,0.0625
?Em
52.0,0.25
47.0,0.25
?Am
45.0,0.5
?G
43.0,0.375
67.0,0.0625
67.0,0.0625
?C
76.0,0.125
76.0,0.125
72.0,0.125
67.0,0.0625
67.0,0.0625
?Em
72.0,0.125
72.0,0.125
71.0,0.25
?C
69.0,0.5
?Em
0.0,0.375
67.0,0.0625
67.0,0.0625
?C
76.0,0.125
76.0,0.0625
76.0,0.0625
72.0,0.1875
67.0,0.0625
?Em
72.0,0.125
72.0,0.0625
74.0,0.0625
71.0,0.25
?C
69.0,0.5
?Em
0.0,0.375
67.0,0.0625
67.0,0.0625
?C
76.0,0.125
76.0,0.125
72.0,0.1875
67.0,0.0625
?Em
71.0,0.0625
72.0,0.1875
71.0,0.25
?C
69.0,0.5
?Em
0.0,0.125
67.0,0.125
72.0,0.125
74.0,0.125
?C
76.0,0.375
79.0,0.125
?Em
79.0,0.125
72.0,0.375
?C
0.0,0.5
-
?C
60.0,0.1875
60.0,0.1875
60.0,0.125
?C
60.0,0.125
62.0,0.25
62.0,0.125
?C
64.0,0.1875
64.0,0.1875
64.0,0.125
?C
64.0,0.125
64.0,0.25
64.0,0.125
?C
64.0,0.1875
64.0,0.1875
64.0,0.125
?C
64.0,0.125
64.0,0.25
62.0,0.125
?G
59.0,0.1875
59.0,0.1875
59.0,0.125
?G
59.0,0.125
59.0,0.125
60.0,0.125
59.0,0.125
?C
60.0,0.1875
60.0,0.1875
60.0,0.125
?C
60.0,0.125
62.0,0.25
62.0,0.125
?C
64.0,0.1875
64.0,0.1875
64.0,0.125
?C
64.0,0.125
64.0,0.25
64.0,0.125
?C
64.0,0.1875
64.0,0.1875
64.0,0.125
?C
64.0,0.125
64.0,0.25
62.0,0.125
?G
59.0,0.1875
59.0,0.1875
59.0,0.125
-
?C
64.0,0.25
64.0,0.125
60.0,0.0625
62.0,0.0625
?G
62.0,0.25
62.0,0.125
59.0,0.0625
62.0,0.0625
?Dm
55.0,0.125
54.0,0.125
50.0,0.125
53.0,0.125
?F
48.0,0.375
52.0,0.125
?C
64.0,0.25
64.0,0.125
60.0,0.0625
62.0,0.0625
?G
62.0,0.25
62.0,0.125
59.0,0.0625
62.0,0.0625
?Dm
55.0,0.125
54.0,0.125
50.0,0.125
53.0,0.125
?F
48.0,0.125
52.0,0.125
50.0,0.125
48.0,0.125
?C
64.0,0.25
64.0,0.125
60.0,0.0625
62.0,0.0625
?G
62.0,0.25
62.0,0.125
59.0,0.0625
62.0,0.0625
?Dm
55.0,0.125
54.0,0.125
50.0,0.125
53.0,0.125
?F
48.0,0.375
52.0,0.125
?C
60.0,0.25
60.0,0.125
62.0,0.125
?G
62.0,0.125
59.0,0.125
57.0,0.125
55.0,0.125
?D
57.0,0.25
50.0,0.125
53.0,0.125
-
?Am
0.0,0.125
62.0,0.25
60.0,0.125
?Am
62.0,0.125
60.0,0.125
0.0,0.25
?C
0.0,0.125
62.0,0.25
60.0,0.125
?C
62.0,0.125
60.0,0.125
0.0,0.25
?F
0.0,0.125
62.0,0.25
60.0,0.125
?F
62.0,0.125
60.0,0.125
0.0,0.25
?G
0.0,0.125
62.0,0.25
60.0,0.125
?G
62.0,0.125
60.0,0.125
0.0,0.25
?Am
0.0,0.25
64.0,0.125
64.0,0.125
?Am
64.0,0.125
64.0,0.125
64.0,0.125
64.0,0.125
?Am
67.0,0.25
64.0,0.25
?Am
62.0,0.25
60.0,0.25
?F
57.0,0.25
57.0,0.125
57.0,0.125
?F
57.0,0.125
57.0,0.125
60.0,0.125
62.0,0.125
?G
0.0,0.125
62.0,0.125
62.0,0.125
62.0,0.125
?G
62.0,0.125
64.0,0.125
62.0,0.125
60.0,0.125
?Am
0.0,0.125
64.0,0.125
64.0,0.125
64.0,0.125
?Am
64.0,0.125
64.0,0.125
64.0,0.125
64.0,0.125
?C
67.0,0.25
64.0,0.25
?C
62.0,0.25
60.0,0.25
?F
57.0,0.25
57.0,0.125
57.0,0.125
?F
57.0,0.125
57.0,0.125
60.0,0.125
62.0,0.125
?G
0.0,0.125
62.0,0.125
62.0,0.125
62.0,0.125
-
?Dm
50.0,0.125
45.0,0.125
48.0,0.125
50.0,0.125
?Em
48.0,0.125
45.0,0.125
43.0,0.125
45.0,0.125
?F
50.0,0.125
45.0,0.125
48.0,0.125
50.0,0.125
?Em
48.0,0.125
45.0,0.125
43.0,0.125
45.0,0.125
?Dm
50.0,0.125
45.0,0.125
48.0,0.125
50.0,0.125
?Em
48.0,0.125
45.0,0.125
43.0,0.125
45.0,0.125
?F
50.0,0.125
45.0,0.125
48.0,0.125
50.0,0.125
-
?C
0.0,0.5
?C
0.0,0.25
60.0,0.25
?Em
67.0,0.5
?Em
67.0,0.25
62.0,0.25
?C
65.0,0.5
?C
65.0,0.25
60.0,0.25
?F
64.0,0.5
-
?C
0.0,0.25
69.0,0.25
?D
69.0,0.5
0.0,0.0
?F
0.0,0.25
64.0,0.25
?G
64.0,0.5
0.0,0.0
?C
0.0,0.25
69.0,0.25
?D
69.0,0.5
0.0,0.0
?F
0.0,0.25
64.0,0.25
?G
64.0,0.5
0.0,0.0
?C
0.0,0.25
69.0,0.25
?D
69.0,0.5
0.0,0.0
?F
0.0,0.25
64.0,0.25
?G
64.0,0.5
0.0,0.0
?C
0.0,0.25
69.0,0.25
?D
69.0,0.5
0.0,0.0
-
?Em
71.0,0.25
72.0,0.125
70.0,0.125
?Edim
70.0,0.125
72.0,0.125
67.0,0.125
64.0,0.125
?F
0.0,0.25
69.0,0.125
68.0,0.125
?E
68.0,0.125
64.0,0.125
68.0,0.125
67.0,0.125
?C
67.0,0.125
60.0,0.125
67.0,0.125
66.0,0.125
?F#dim
66.0,0.125
60.0,0.125
66.0,0.125
65.0,0.125
?Dm
65.0,0.125
67.0,0.25
69.0,0.125
-
?Em
71.0,0.25
72.0,0.125
70.0,0.125
?Edim
70.0,0.125
72.0,0.125
67.0,0.125
64.0,0.125
?F
0.0,0.25
69.0,0.125
68.0,0.125
?E
68.0,0.125
64.0,0.125
68.0,0.125
67.0,0.125
?C
67.0,0.125
60.0,0.125
67.0,0.125
66.0,0.125
?F#dim
66.0,0.125
60.0,0.125
66.0,0.125
65.0,0.125
?Dm
65.0,0.125
67.0,0.25
69.0,0.125
-
