?Am
0.0,0.125
72.0,0.125
72.0,0.125
72.0,0.125
?Am
72.0,0.1875
74.0,0.1875
76.0,0.125
?Am
76.0,0.125
72.0,0.375
?Am
0.0,0.1875
74.0,0.0625
74.0,0.125
76.0,0.125
?Bm
77.0,0.125
76.0,0.125
74.0,0.125
72.0,0.125
?Bm
72.0,0.25
72.0,0.1875
67.0,0.0625
?Am
67.0,0.125
69.0,0.375
?Am
0.0,0.125
76.0,0.125
76.0,0.125
74.0,0.125
?Am
72.0,0.25
72.0,0.25
?Am
72.0,0.125
72.0,0.0625
74.0,0.1875
76.0,0.125
?Am
76.0,0.125
72.0,0.375
?Am
0.0,0.25
69.0,0.125
72.0,0.125
?Bm
74.0,0.5
?Bm
0.0,0.125
69.0,0.0625
69.0,0.1875
72.0,0.125
-
?Am
0.0,0.125
57.0,0.125
60.0,0.125
62.0,0.125
?Am
62.0,0.25
57.0,0.25
?Am
62.0,0.1875
62.0,0.1875
60.0,0.125
?Am
62.0,0.25
57.0,0.25
?Am
0.0,0.125
57.0,0.125
60.0,0.125
62.0,0.125
?Am
62.0,0.25
57.0,0.25
?Bm
62.0,0.1875
62.0,0.1875
60.0,0.125
?Bm
62.0,0.125
0.0,0.125
57.0,0.25
?Am
0.0,0.125
57.0,0.125
60.0,0.125
62.0,0.125
?Am
62.0,0.25
60.0,0.25
?Am
62.0,0.1875
62.0,0.1875
60.0,0.125
?Am
62.0,0.25
64.0,0.25
?Am
0.0,0.25
62.0,0.125
60.0,0.125
?Am
62.0,0.25
64.0,0.25
-
?Am
72.0,0.375
67.0,0.125
?Am
67.0,0.125
72.0,0.125
67.0,0.125
72.0,0.125
?Bm
74.0,0.25
71.0,0.125
67.0,0.125
?Bm
67.0,0.125
74.0,0.125
71.0,0.125
67.0,0.125
?Bm
74.0,0.25
71.0,0.125
67.0,0.125
?Bm
67.0,0.125
74.0,0.125
71.0,0.125
67.0,0.125
?Am
69.0,0.125
71.0,0.125
72.0,0.125
72.0,0.125
?Am
74.0,0.125
76.0,0.125
76.0,0.25
-
?C
0.0,0.5
?C
69.0,0.125
72.0,0.125
74.0,0.125
76.0,0.125
?Am
74.0,0.5
?Am
74.0,0.125
74.0,0.125
72.0,0.125
74.0,0.125
?Bm
72.0,0.125
76.0,0.125
74.0,0.25
?Bm
69.0,0.125
72.0,0.125
74.0,0.125
76.0,0.125
?Am
74.0,0.1875
72.0,0.0625
69.0,0.25
?Am
69.0,0.125
74.0,0.125
72.0,0.125
74.0,0.125
?Bm
72.0,0.125
76.0,0.125
74.0,0.25
?Bm
69.0,0.125
72.0,0.125
74.0,0.125
76.0,0.125
?Am
74.0,0.5
?Am
69.0,0.125
72.0,0.125
74.0,0.125
76.0,0.125
?Bm
74.0,0.5
?Bm
69.0,0.125
72.0,0.125
74.0,0.125
76.0,0.125
-
?Am
60.0,0.1875
60.0,0.1875
60.0,0.125
?Am
64.0,0.125
67.0,0.125
67.0,0.125
72.0,0.125
?Am
69.0,0.25
67.0,0.125
64.0,0.125
?Am
64.0,0.25
0.0,0.125
60.0,0.125
?Am
69.0,0.125
69.0,0.125
69.0,0.125
67.0,0.125
?Am
64.0,0.0625
62.0,0.1875
62.0,0.0625
62.0,0.1875
?Bm
62.0,0.125
62.0,0.25
0.0,0.125
?Bm
0.0,0.375
60.0,0.125
?Am
60.0,0.1875
60.0,0.1875
60.0,0.125
?Am
64.0,0.125
67.0,0.125
67.0,0.125
72.0,0.125
?Am
69.0,0.25
67.0,0.125
64.0,0.125
?Am
64.0,0.25
0.0,0.125
60.0,0.125
?Am
69.0,0.125
69.0,0.125
69.0,0.125
67.0,0.125
?Am
64.0,0.0625
62.0,0.1875
62.0,0.25
?Bm
62.0,0.25
55.0,0.25
?Bm
64.0,0.25
64.0,0.0625
67.0,0.1875
?Am
69.0,0.1875
69.0,0.1875
67.0,0.0625
64.0,0.0625
?Am
64.0,0.25
64.0,0.125
67.0,0.125
?Am
69.0,0.1875
69.0,0.1875
67.0,0.125
?Am
67.0,0.125
60.0,0.125
64.0,0.125
67.0,0.125
?Am
69.0,0.1875
69.0,0.1875
67.0,0.0625
64.0,0.0625
?Am
64.0,0.25
64.0,0.0625
65.0,0.1875
?Bm
65.0,0.0625
64.0,0.125
62.0,0.1875
65.0,0.125
?Bm
65.0,0.125
64.0,0.125
65.0,0.0625
64.0,0.0625
62.0,0.125
?Am
0.0,0.125
69.0,0.125
69.0,0.125
67.0,0.125
?Am
64.0,0.25
60.0,0.25
?Am
0.0,0.125
69.0,0.125
69.0,0.125
67.0,0.125
?Am
64.0,0.25
60.0,0.25
?Am
57.0,0.1875
57.0,0.1875
0.0,0.125
?Am
0.0,0.125
65.0,0.1875
64.0,0.0625
62.0,0.125
-
?Am
60.0,0.25
59.0,0.25
?Am
60.0,0.25
59.0,0.125
60.0,0.125
?Am
60.0,0.125
60.0,0.125
60.0,0.125
57.0,0.125
?Am
62.0,0.25
60.0,0.25
?Am
60.0,0.25
59.0,0.25
?Am
60.0,0.25
59.0,0.125
60.0,0.125
?Gm
60.0,0.125
60.0,0.125
60.0,0.125
57.0,0.125
?Gm
62.0,0.25
60.0,0.25
?Am
60.0,0.25
59.0,0.25
?Am
60.0,0.25
59.0,0.125
60.0,0.125
?Am
60.0,0.125
60.0,0.125
60.0,0.125
57.0,0.125
?Am
62.0,0.25
60.0,0.25
?Am
0.0,0.375
52.0,0.125
?Am
60.0,0.125
62.0,0.125
60.0,0.125
59.0,0.125
-
?C
0.0,0.5
?C
0.0,0.25
60.0,0.125
62.0,0.125
?Am
64.0,0.25
67.0,0.125
65.0,0.125
?Am
65.0,0.25
0.0,0.125
60.0,0.125
?Bm
59.0,0.1875
59.0,0.0625
60.0,0.125
60.0,0.125
?Am
60.0,0.125
0.0,0.125
60.0,0.125
62.0,0.125
?Am
64.0,0.25
67.0,0.125
65.0,0.125
?Am
65.0,0.125
64.0,0.25
0.0,0.125
?Bm
62.0,0.25
64.0,0.125
64.0,0.125
?Am
64.0,0.125
0.0,0.125
60.0,0.0625
62.0,0.1875
?Am
64.0,0.25
67.0,0.125
69.0,0.125
?Am
69.0,0.25
0.0,0.125
60.0,0.125
?Bm
59.0,0.25
60.0,0.125
60.0,0.125
?Am
60.0,0.125
57.0,0.125
60.0,0.125
62.0,0.125
?Am
64.0,0.25
67.0,0.125
65.0,0.125
?Am
65.0,0.125
64.0,0.25
62.0,0.125
-
?Bm
76.0,0.1875
76.0,0.1875
0.0,0.125
?Bm
0.0,0.125
67.0,0.125
67.0,0.0625
67.0,0.0625
67.0,0.0625
67.0,0.0625
?B
70.0,0.1875
72.0,0.1875
0.0,0.125
?B
0.0,0.125
67.0,0.125
67.0,0.0625
67.0,0.0625
67.0,0.0625
67.0,0.0625
?Am
70.0,0.1875
69.0,0.1875
0.0,0.125
?Am
0.0,0.25
65.0,0.0625
65.0,0.0625
65.0,0.0625
65.0,0.0625
?Bm
65.0,0.0625
67.0,0.1875
0.0,0.25
?Bm
0.0,0.125
71.0,0.125
74.0,0.0625
74.0,0.0625
74.0,0.0625
74.0,0.0625
?Bm
76.0,0.1875
76.0,0.1875
0.0,0.125
?Bm
0.0,0.125
67.0,0.125
67.0,0.0625
67.0,0.0625
67.0,0.0625
67.0,0.0625
?Am
70.0,0.1875
72.0,0.1875
0.0,0.125
?Am
0.0,0.125
67.0,0.1875
67.0,0.125
67.0,0.0625
?Am
70.0,0.1875
69.0,0.1875
0.0,0.125
?Am
0.0,0.25
65.0,0.0625
65.0,0.0625
65.0,0.0625
65.0,0.0625
-
