?G
0.0,0.25
60.0,0.125
60.0,0.125
?G
60.0,0.125
60.0,0.125
57.0,0.125
55.0,0.125
?G
60.0,0.25
60.0,0.125
60.0,0.125
?G
60.0,0.125
60.0,0.125
57.0,0.25
?C
60.0,0.25
60.0,0.125
60.0,0.125
?C
60.0,0.125
60.0,0.125
57.0,0.125
62.0,0.125
?C
62.0,0.125
60.0,0.125
62.0,0.25
?C
64.0,0.1875
62.0,0.1875
60.0,0.125
?G
60.0,0.25
60.0,0.125
60.0,0.125
?G
60.0,0.125
60.0,0.125
57.0,0.125
55.0,0.125
?G
60.0,0.25
60.0,0.125
60.0,0.125
?G
60.0,0.125
60.0,0.125
57.0,0.25
?C
60.0,0.25
60.0,0.125
60.0,0.125
?C
60.0,0.125
60.0,0.125
57.0,0.125
62.0,0.125
?C
62.0,0.125
60.0,0.125
62.0,0.25
-
?Dm
0.0,0.125
62.0,0.25
62.0,0.125
?Dm
62.0,0.125
62.0,0.25
62.0,0.125
?Am
62.0,0.125
60.0,0.125
62.0,0.125
60.0,0.125
?Am
64.0,0.1875
60.0,0.1875
57.0,0.125
?F
57.0,0.125
0.0,0.125
62.0,0.125
60.0,0.125
?F
64.0,0.1875
60.0,0.1875
57.0,0.125
?C
55.0,0.375
55.0,0.125
?C
55.0,0.125
60.0,0.125
59.0,0.25
?Dm
0.0,0.125
62.0,0.25
62.0,0.125
?Dm
62.0,0.125
62.0,0.25
62.0,0.125
?Am
62.0,0.125
60.0,0.125
62.0,0.125
60.0,0.125
?G
64.0,0.1875
60.0,0.1875
57.0,0.125
?F
57.0,0.375
0.0,0.125
?F
0.0,0.125
60.0,0.125
62.0,0.125
60.0,0.125
?C
62.0,0.125
60.0,0.125
62.0,0.125
60.0,0.125
-
?F
0.0,0.5
?F
0.0,0.125
48.0,0.0625
53.0,0.1875
57.0,0.125
?G
57.0,0.125
57.0,0.25
57.0,0.125
?G
55.0,0.0625
53.0,0.4375
?F
0.0,0.5
?F
0.0,0.125
53.0,0.25
53.0,0.125
?G
52.0,0.125
52.0,0.25
50.0,0.125
?G
50.0,0.0625
48.0,0.4375
?F
0.0,0.1875
53.0,0.0625
53.0,0.125
53.0,0.125
?F
53.0,0.125
53.0,0.25
53.0,0.125
?G
53.0,0.125
52.0,0.125
52.0,0.125
52.0,0.125
-
?Dm
0.0,0.5
?Dm
65.0,0.25
65.0,0.125
65.0,0.125
?Dm
65.0,0.125
64.0,0.25
64.0,0.125
?Dm
64.0,0.125
62.0,0.375
?F
0.0,0.5
?F
65.0,0.25
65.0,0.125
65.0,0.125
?F
65.0,0.125
64.0,0.25
64.0,0.125
?F
64.0,0.125
62.0,0.375
?Am
0.0,0.5
?Am
64.0,0.5
?Am
64.0,0.25
62.0,0.125
60.0,0.125
?Am
60.0,0.125
55.0,0.125
60.0,0.125
62.0,0.125
?Am
62.0,0.5
0.0,0.5
?Am
0.0,0.5
?Am
0.0,0.5
?Am
0.0,0.5
?Dm
0.0,0.125
57.0,0.125
65.0,0.125
65.0,0.125
?Dm
65.0,0.25
64.0,0.125
64.0,0.125
?Dm
64.0,0.25
62.0,0.25
?Dm
0.0,0.5
?F
0.0,0.25
65.0,0.125
65.0,0.125
?F
65.0,0.25
64.0,0.125
64.0,0.125
?F
64.0,0.25
62.0,0.25
?F
64.0,0.25
0.0,0.25
?Am
0.0,0.375
64.0,0.125
?Am
64.0,0.25
62.0,0.125
60.0,0.125
?Am
60.0,0.125
55.0,0.125
60.0,0.125
59.0,0.125
?Am
59.0,0.5
?G
59.0,0.5
?G
59.0,0.1875
57.0,0.0625
55.0,0.25
?G
55.0,0.5
0.0,0.5
?G
0.0,0.5
?G
65.0,0.5
-
?F
69.0,0.1875
69.0,0.1875
69.0,0.125
?F
69.0,0.25
0.0,0.125
65.0,0.125
?G
71.0,0.1875
71.0,0.1875
71.0,0.125
?G
71.0,0.25
0.0,0.25
?Am
72.0,0.125
72.0,0.125
72.0,0.125
72.0,0.125
?Am
72.0,0.125
0.0,0.125
67.0,0.125
67.0,0.125
?F
69.0,0.125
69.0,0.125
69.0,0.125
69.0,0.125
?F
67.0,0.125
65.0,0.125
0.0,0.25
?F
69.0,0.1875
69.0,0.1875
69.0,0.125
?F
69.0,0.25
0.0,0.25
?G
71.0,0.1875
71.0,0.1875
71.0,0.125
?G
71.0,0.25
0.0,0.25
?Am
72.0,0.125
72.0,0.125
72.0,0.125
72.0,0.125
?Am
72.0,0.125
67.0,0.125
67.0,0.125
67.0,0.125
?F
69.0,0.125
69.0,0.125
69.0,0.125
69.0,0.125
?F
67.0,0.125
65.0,0.125
0.0,0.25
?F
69.0,0.1875
69.0,0.1875
69.0,0.125
?F
69.0,0.125
69.0,0.125
69.0,0.125
69.0,0.125
?G
71.0,0.1875
71.0,0.1875
71.0,0.125
?G
71.0,0.25
72.0,0.125
72.0,0.125
?Am
72.0,0.125
72.0,0.0625
72.0,0.0625
72.0,0.125
72.0,0.125
?Am
72.0,0.0625
72.0,0.0625
72.0,0.125
72.0,0.125
72.0,0.125
?A#
74.0,0.1875
74.0,0.125
74.0,0.1875
-
?Dm7
0.0,0.125
65.0,0.125
65.0,0.125
65.0,0.125
?Dm7
65.0,0.125
64.0,0.125
65.0,0.125
64.0,0.125
?Am7
65.0,0.125
64.0,0.125
65.0,0.125
64.0,0.125
?Am7
65.0,0.125
64.0,0.125
60.0,0.125
64.0,0.125
?C
64.0,0.25
0.0,0.25
?C
0.0,0.125
64.0,0.1875
65.0,0.0625
64.0,0.125
?Dm
62.0,0.25
59.0,0.0625
57.0,0.0625
55.0,0.125
?G
55.0,0.25
0.0,0.25
?Dm7
0.0,0.125
70.0,0.125
70.0,0.125
70.0,0.125
?Dm7
70.0,0.125
70.0,0.125
70.0,0.125
69.0,0.125
?Am7
69.0,0.125
69.0,0.125
69.0,0.125
69.0,0.125
?Am7
69.0,0.125
67.0,0.125
65.0,0.125
69.0,0.125
?C
69.0,0.5
?C
69.0,0.125
67.0,0.125
69.0,0.125
72.0,0.125
?Dm7
72.0,0.5
?Dm7
72.0,0.5
?Em7
0.0,0.5
-
?F
57.0,0.25
60.0,0.125
60.0,0.125
?F
57.0,0.5
?C
55.0,0.25
0.0,0.25
?C
64.0,0.25
67.0,0.125
69.0,0.125
?Am
69.0,0.125
67.0,0.125
62.0,0.25
?Am
64.0,0.5
?G
64.0,0.25
62.0,0.25
?G
64.0,0.125
62.0,0.125
60.0,0.125
59.0,0.125
?F
57.0,0.25
60.0,0.125
60.0,0.125
?F
57.0,0.375
55.0,0.0625
57.0,0.0625
?C
55.0,0.25
0.0,0.25
?C
64.0,0.25
67.0,0.125
69.0,0.125
?Am
69.0,0.25
76.0,0.25
?Am
74.0,0.25
74.0,0.25
?G
74.0,0.375
72.0,0.125
?G
71.0,0.125
72.0,0.125
67.0,0.25
?F
57.0,0.25
60.0,0.125
60.0,0.125
?F
57.0,0.5
?C
55.0,0.25
69.0,0.25
?C
69.0,0.25
69.0,0.125
69.0,0.125
?Am
69.0,0.125
67.0,0.125
62.0,0.25
?Am
67.0,0.25
64.0,0.25
?G
64.0,0.25
62.0,0.125
62.0,0.125
?G
64.0,0.125
62.0,0.125
60.0,0.25
?F
57.0,0.25
60.0,0.125
60.0,0.125
?F
60.0,0.375
59.0,0.0625
60.0,0.0625
?Em
59.0,0.25
62.0,0.0625
64.0,0.1875
?Em
64.0,0.25
67.0,0.0625
69.0,0.1875
?Am
69.0,0.25
76.0,0.25
-
?G
71.0,0.125
62.0,0.125
69.0,0.125
71.0,0.125
?G
62.0,0.125
69.0,0.125
71.0,0.125
62.0,0.125
?Am
71.0,0.125
72.0,0.125
64.0,0.125
71.0,0.125
?C
72.0,0.125
60.0,0.125
67.0,0.125
69.0,0.125
?F
60.0,0.125
67.0,0.125
69.0,0.125
60.0,0.125
?C
67.0,0.125
69.0,0.125
60.0,0.125
69.0,0.125
?F
60.0,0.125
67.0,0.125
69.0,0.125
60.0,0.125
?C
67.0,0.125
69.0,0.125
60.0,0.125
72.0,0.125
?G
71.0,0.125
62.0,0.125
69.0,0.125
71.0,0.125
?G
62.0,0.125
69.0,0.125
71.0,0.125
62.0,0.125
?Am
71.0,0.125
72.0,0.125
64.0,0.125
71.0,0.125
?C
72.0,0.125
60.0,0.125
67.0,0.125
69.0,0.125
?F
60.0,0.125
67.0,0.125
69.0,0.125
60.0,0.125
?C
67.0,0.125
69.0,0.125
60.0,0.125
69.0,0.125
?F
60.0,0.125
67.0,0.125
69.0,0.125
60.0,0.125
-
?F
0.0,0.125
67.0,0.125
67.0,0.125
67.0,0.125
?F
67.0,0.125
65.0,0.25
65.0,0.125
?F
65.0,0.125
64.0,0.25
60.0,0.125
?F
60.0,0.125
60.0,0.25
60.0,0.125
?Am
60.0,0.125
62.0,0.25
64.0,0.125
?Am
64.0,0.125
62.0,0.125
60.0,0.125
60.0,0.125
?Am
60.0,0.375
0.0,0.5
?Am
0.0,0.125
67.0,0.125
67.0,0.125
67.0,0.125
?F
67.0,0.125
65.0,0.125
65.0,0.125
65.0,0.125
?F
65.0,0.125
64.0,0.125
64.0,0.125
64.0,0.125
?F
64.0,0.125
60.0,0.25
64.0,0.125
?F
64.0,0.125
62.0,0.25
62.0,0.125
?G
62.0,0.125
62.0,0.125
62.0,0.125
64.0,0.125
?G
64.0,0.125
62.0,0.375
?G
62.0,0.125
0.0,0.375
?G
0.0,0.125
68.0,0.125
68.0,0.125
68.0,0.125
?G#
68.0,0.125
63.0,0.125
63.0,0.125
63.0,0.125
?G#
63.0,0.125
60.0,0.125
60.0,0.125
60.0,0.125
?G#
60.0,0.125
55.0,0.125
55.0,0.125
59.0,0.125
?G#
59.0,0.125
59.0,0.125
59.0,0.125
59.0,0.125
?G
59.0,0.125
60.0,0.25
64.0,0.125
?G
64.0,0.125
64.0,0.125
64.0,0.125
64.0,0.125
-
?Am
67.0,0.25
67.0,0.125
67.0,0.125
?F
67.0,0.25
67.0,0.125
67.0,0.125
?F
67.0,0.125
60.0,0.125
60.0,0.25
?F
60.0,0.25
60.0,0.125
60.0,0.125
?C
60.0,0.25
60.0,0.25
?G
64.0,0.25
62.0,0.125
62.0,0.125
?G
62.0,0.5
?G
62.0,0.25
60.0,0.125
60.0,0.125
?Am
67.0,0.25
67.0,0.125
67.0,0.125
?F
67.0,0.125
67.0,0.25
67.0,0.125
?F
67.0,0.125
60.0,0.125
60.0,0.125
60.0,0.125
?F
60.0,0.375
60.0,0.125
?C
60.0,0.25
60.0,0.125
60.0,0.125
-
?Am
0.0,0.375
59.0,0.125
?Am
59.0,0.125
59.0,0.125
59.0,0.125
59.0,0.125
?G
59.0,0.375
59.0,0.125
?G
59.0,0.125
59.0,0.125
59.0,0.125
60.0,0.125
?Am
60.0,0.375
60.0,0.125
?Am
60.0,0.125
60.0,0.125
60.0,0.125
60.0,0.125
?G
60.0,0.125
55.0,0.125
55.0,0.125
60.0,0.125
?G
60.0,0.125
55.0,0.125
57.0,0.25
?Am
0.0,0.375
59.0,0.125
?Am
59.0,0.125
59.0,0.125
59.0,0.125
59.0,0.125
?G
59.0,0.375
59.0,0.125
?G
59.0,0.125
59.0,0.125
59.0,0.125
60.0,0.125
?Am
60.0,0.125
64.0,0.125
64.0,0.125
64.0,0.125
?Am
64.0,0.125
60.0,0.25
64.0,0.125
?G
60.0,0.125
60.0,0.125
57.0,0.125
60.0,0.125
?G
60.0,0.125
62.0,0.375
?F
62.0,0.125
60.0,0.375
?F
60.0,0.25
0.0,0.25
?F
0.0,0.375
60.0,0.125
-
?Am
0.0,0.5
?Am
0.0,0.5
?G#dim
0.0,0.5
?G#dim
0.0,0.5
?C7
0.0,0.5
?C7
0.0,0.5
?Dsus
0.0,0.5
?D
72.0,0.375
69.0,0.125
?Dm
69.0,0.25
72.0,0.25
?Dm
71.0,0.375
68.0,0.125
?G#dim
68.0,0.25
0.0,0.25
?G#dim
72.0,0.375
69.0,0.125
?Am
69.0,0.25
72.0,0.125
71.0,0.125
?Am
71.0,0.125
72.0,0.125
71.0,0.125
72.0,0.125
?G
71.0,0.125
72.0,0.125
71.0,0.125
72.0,0.125
?G
71.0,0.125
72.0,0.125
71.0,0.125
72.0,0.125
?Am
71.0,0.125
72.0,0.125
71.0,0.125
72.0,0.125
?Am
71.0,0.125
72.0,0.125
71.0,0.125
72.0,0.125
-
?F
76.0,0.125
74.0,0.125
76.0,0.125
74.0,0.125
?F
72.0,0.25
69.0,0.25
?F
0.0,0.5
?F
0.0,0.375
69.0,0.125
?Dm
76.0,0.125
74.0,0.125
76.0,0.125
74.0,0.125
?Dm
72.0,0.25
74.0,0.25
?Dm
0.0,0.5
?Dm
0.0,0.375
72.0,0.125
?F
76.0,0.125
79.0,0.125
76.0,0.125
74.0,0.125
?F
72.0,0.25
69.0,0.25
?F
0.0,0.5
?F
0.0,0.375
77.0,0.0625
77.0,0.0625
?Dm7
78.0,0.25
74.0,0.125
74.0,0.125
?Dm7
74.0,0.125
72.0,0.125
76.0,0.125
74.0,0.125
?G
74.0,0.25
76.0,0.0625
74.0,0.0625
76.0,0.125
-
?Am
0.0,0.5
?Am
0.0,0.25
60.0,0.125
67.0,0.125
?Am
67.0,0.5
?Am
67.0,0.125
65.0,0.125
64.0,0.25
-
?C
60.0,0.0625
60.0,0.0625
60.0,0.0625
60.0,0.0625
60.0,0.0625
60.0,0.0625
60.0,0.0625
60.0,0.0625
?C
60.0,0.0625
60.0,0.0625
60.0,0.0625
67.0,0.0625
67.0,0.0625
67.0,0.0625
67.0,0.0625
60.0,0.0625
?F
60.0,0.0625
60.0,0.0625
60.0,0.0625
60.0,0.0625
60.0,0.0625
60.0,0.0625
60.0,0.0625
60.0,0.0625
?F
60.0,0.0625
60.0,0.0625
60.0,0.0625
67.0,0.0625
67.0,0.0625
67.0,0.0625
67.0,0.0625
60.0,0.0625
?C
60.0,0.0625
60.0,0.0625
60.0,0.0625
60.0,0.0625
60.0,0.0625
60.0,0.0625
60.0,0.0625
60.0,0.0625
?C
60.0,0.0625
60.0,0.0625
60.0,0.0625
67.0,0.0625
67.0,0.0625
67.0,0.0625
67.0,0.0625
60.0,0.0625
?Gsus
59.0,0.0625
59.0,0.0625
59.0,0.0625
59.0,0.0625
59.0,0.0625
59.0,0.0625
59.0,0.0625
59.0,0.0625
?Gsus
59.0,0.0625
59.0,0.0625
59.0,0.0625
59.0,0.0625
59.0,0.0625
59.0,0.0625
59.0,0.0625
59.0,0.0625
?Am
60.0,0.0625
60.0,0.0625
60.0,0.0625
60.0,0.0625
60.0,0.0625
60.0,0.0625
60.0,0.0625
60.0,0.0625
?Am
60.0,0.0625
60.0,0.0625
60.0,0.0625
67.0,0.0625
67.0,0.0625
67.0,0.0625
67.0,0.0625
60.0,0.0625
?F
60.0,0.0625
60.0,0.0625
60.0,0.0625
60.0,0.0625
60.0,0.0625
60.0,0.0625
60.0,0.0625
60.0,0.0625
?F
60.0,0.0625
60.0,0.0625
60.0,0.0625
67.0,0.0625
67.0,0.0625
67.0,0.0625
67.0,0.0625
60.0,0.0625
?C
60.0,0.0625
60.0,0.0625
60.0,0.0625
60.0,0.0625
60.0,0.0625
60.0,0.0625
60.0,0.0625
60.0,0.0625
?C
60.0,0.0625
60.0,0.0625
60.0,0.0625
67.0,0.0625
67.0,0.0625
67.0,0.0625
67.0,0.0625
60.0,0.0625
?Gsus
60.0,0.0625
60.0,0.0625
60.0,0.0625
60.0,0.0625
59.0,0.0625
59.0,0.0625
59.0,0.0625
59.0,0.0625
-
?Am
81.0,0.4375
79.0,0.0625
?Am
79.0,0.0625
77.0,0.0625
77.0,0.0625
76.0,0.0625
76.0,0.0625
74.0,0.0625
74.0,0.0625
72.0,0.0625
?C
79.0,0.4375
79.0,0.0625
?C
79.0,0.0625
77.0,0.0625
77.0,0.0625
76.0,0.0625
76.0,0.0625
74.0,0.0625
74.0,0.0625
72.0,0.0625
?F
74.0,0.5
?F
0.0,0.0625
69.0,0.0625
69.0,0.0625
69.0,0.0625
76.0,0.125
72.0,0.125
-
?F
57.0,0.25
64.0,0.125
62.0,0.125
?G
62.0,0.125
60.0,0.125
59.0,0.125
57.0,0.125
?C
55.0,0.25
62.0,0.125
60.0,0.125
?Am
64.0,0.125
0.0,0.1875
57.0,0.0625
60.0,0.0625
57.0,0.0625
?F
57.0,0.0625
60.0,0.125
62.0,0.125
60.0,0.125
64.0,0.0625
?G
64.0,0.125
62.0,0.0625
60.0,0.25
60.0,0.0625
?C
64.0,0.0625
62.0,0.125
60.0,0.125
62.0,0.0625
60.0,0.0625
64.0,0.0625
?C
64.0,0.0625
64.0,0.125
62.0,0.0625
0.0,0.125
60.0,0.0625
59.0,0.0625
?F
57.0,0.125
60.0,0.125
64.0,0.1875
62.0,0.0625
?G
62.0,0.25
0.0,0.125
59.0,0.0625
57.0,0.0625
?C
55.0,0.125
57.0,0.125
62.0,0.1875
60.0,0.0625
?Am
60.0,0.125
0.0,0.3125
57.0,0.0625
?F
60.0,0.125
57.0,0.0625
60.0,0.125
57.0,0.0625
64.0,0.125
?Fm
64.0,0.0625
62.0,0.1875
0.0,0.125
62.0,0.125
?G
64.0,0.125
64.0,0.125
64.0,0.125
64.0,0.125
-
