?G
71.0,0.25
72.0,0.125
72.0,0.125
?G
72.0,0.125
69.0,0.375
?G
69.0,0.5
?G
69.0,0.25
67.0,0.25
?Am
71.0,0.375
72.0,0.125
?Am
72.0,0.25
76.0,0.25
?Am
76.0,0.5
?Am
76.0,0.25
76.0,0.125
69.0,0.125
?Am
0.0,0.125
71.0,0.25
72.0,0.125
?Am
72.0,0.25
69.0,0.25
?Am
69.0,0.5
?Am
69.0,0.25
69.0,0.125
67.0,0.125
?Am
0.0,0.125
71.0,0.25
72.0,0.125
?Am
72.0,0.25
76.0,0.25
?Am
76.0,0.5
?Am
76.0,0.25
76.0,0.125
69.0,0.125
-
?C#dim
57.0,0.25
67.0,0.125
64.0,0.125
?C#dim
69.0,0.125
67.0,0.125
64.0,0.125
62.0,0.125
?F#dim
62.0,0.125
72.0,0.125
69.0,0.125
74.0,0.125
?F#dim
72.0,0.125
69.0,0.125
67.0,0.0625
68.0,0.0625
69.0,0.125
?C#dim
57.0,0.25
67.0,0.125
64.0,0.125
?C#dim
69.0,0.125
67.0,0.125
64.0,0.125
62.0,0.125
?F#dim
62.0,0.125
72.0,0.125
69.0,0.125
74.0,0.125
?F#dim
72.0,0.125
69.0,0.125
67.0,0.0625
68.0,0.0625
69.0,0.125
?C#dim
57.0,0.25
67.0,0.125
64.0,0.125
?C#dim
69.0,0.125
67.0,0.125
64.0,0.125
62.0,0.125
?F#dim
62.0,0.125
72.0,0.125
69.0,0.125
74.0,0.125
?F#dim
72.0,0.125
69.0,0.125
67.0,0.0625
68.0,0.0625
69.0,0.125
?C#dim
57.0,0.25
67.0,0.125
64.0,0.125
?C#dim
69.0,0.125
67.0,0.125
64.0,0.125
62.0,0.125
?F#dim
62.0,0.125
72.0,0.125
69.0,0.125
74.0,0.125
?F#dim
72.0,0.125
69.0,0.125
67.0,0.0625
68.0,0.0625
69.0,0.125
-
?C
0.0,0.5
?G
0.0,0.125
60.0,0.125
62.0,0.125
65.0,0.125
?C
65.0,0.125
64.0,0.25
0.0,0.125
?C
0.0,0.125
60.0,0.125
62.0,0.125
65.0,0.125
?F
65.0,0.125
64.0,0.25
0.0,0.125
?F
0.0,0.125
60.0,0.125
62.0,0.125
65.0,0.125
?Am
65.0,0.125
64.0,0.25
62.0,0.125
?Am
62.0,0.125
60.0,0.25
62.0,0.125
?G
62.0,0.125
0.0,0.375
?G
0.0,0.125
60.0,0.125
62.0,0.125
65.0,0.125
?C
65.0,0.125
64.0,0.25
0.0,0.125
?C
0.0,0.125
60.0,0.125
62.0,0.125
65.0,0.125
?F
65.0,0.125
64.0,0.25
0.0,0.125
?F
0.0,0.125
60.0,0.125
62.0,0.125
65.0,0.125
?Am
65.0,0.125
64.0,0.25
62.0,0.125
?Am
62.0,0.125
60.0,0.25
62.0,0.125
?G
62.0,0.25
0.0,0.25
?G
0.0,0.125
60.0,0.125
60.0,0.125
71.0,0.125
?Am
71.0,0.125
72.0,0.25
0.0,0.125
?Am
0.0,0.125
60.0,0.125
60.0,0.125
71.0,0.125
?F
71.0,0.125
69.0,0.25
0.0,0.125
?F
0.0,0.125
60.0,0.25
65.0,0.125
?C
65.0,0.125
64.0,0.25
62.0,0.125
?C
62.0,0.125
60.0,0.25
62.0,0.125
?G
62.0,0.25
-
?F
72.0,0.125
72.0,0.125
72.0,0.125
74.0,0.125
?G
74.0,0.125
74.0,0.125
76.0,0.25
?Am
76.0,0.5
?Am
0.0,0.25
76.0,0.125
77.0,0.125
?C
79.0,0.25
79.0,0.125
79.0,0.125
?C
79.0,0.125
77.0,0.125
76.0,0.25
?F
72.0,0.5
?F
0.0,0.25
67.0,0.125
69.0,0.125
?F
72.0,0.125
72.0,0.125
72.0,0.125
74.0,0.125
?G
74.0,0.125
74.0,0.125
76.0,0.25
?Am
76.0,0.5
?Am
0.0,0.125
74.0,0.125
72.0,0.125
74.0,0.125
?G
71.0,0.5
?G
71.0,0.25
0.0,0.25
?G
0.0,0.5
?G
0.0,0.125
81.0,0.125
83.0,0.0625
84.0,0.125
86.0,0.0625
-
?Am
69.0,0.25
72.0,0.25
?Am
79.0,0.25
81.0,0.25
?F
0.0,0.5
?F
74.0,0.125
76.0,0.125
74.0,0.25
?C
67.0,0.25
0.0,0.25
?C
0.0,0.5
?G
0.0,0.5
?G
0.0,0.5
?Am
69.0,0.25
72.0,0.25
?Am
79.0,0.25
81.0,0.25
?F
0.0,0.5
?F
74.0,0.125
76.0,0.125
74.0,0.25
?C
67.0,0.25
0.0,0.25
?C
0.0,0.5
?G
0.0,0.5
?G
0.0,0.125
67.0,0.125
67.0,0.125
67.0,0.125
-
?C
76.0,0.5
?G
74.0,0.25
79.0,0.25
?F
77.0,0.5
?C
77.0,0.125
76.0,0.125
72.0,0.125
67.0,0.125
?F
69.0,0.5
?C
67.0,0.125
72.0,0.125
67.0,0.125
64.0,0.125
?G
62.0,0.25
64.0,0.25
-
?C
0.0,0.25
72.0,0.125
72.0,0.125
?C
72.0,0.125
64.0,0.25
65.0,0.125
?F
65.0,0.25
65.0,0.125
64.0,0.125
?F
65.0,0.125
67.0,0.25
0.0,0.125
?F
0.0,0.25
72.0,0.125
72.0,0.125
?F
72.0,0.125
64.0,0.25
65.0,0.125
?Gsus
65.0,0.25
65.0,0.125
64.0,0.125
?Gsus
65.0,0.125
67.0,0.125
65.0,0.125
64.0,0.125
?C
64.0,0.125
72.0,0.25
72.0,0.125
?C
72.0,0.125
67.0,0.25
64.0,0.125
?Am
64.0,0.5
?Am
64.0,0.125
65.0,0.125
67.0,0.125
69.0,0.125
?F
69.0,0.25
64.0,0.125
64.0,0.125
?F
64.0,0.125
64.0,0.25
64.0,0.125
?C
64.0,0.125
62.0,0.125
64.0,0.125
67.0,0.125
-
?C
60.0,0.5
?C
60.0,0.5
?C
60.0,0.5
?C
71.0,0.5
?F
69.0,0.5
?F
69.0,0.5
?F
69.0,0.5
?F
69.0,0.5
?C
60.0,0.5
?C
60.0,0.5
?C
60.0,0.5
?C
71.0,0.5
?F
69.0,0.5
?F
69.0,0.5
?F
69.0,0.5
?F
60.0,0.125
60.0,0.125
60.0,0.125
62.0,0.125
-
?Am
72.0,0.375
67.0,0.125
?Am
67.0,0.25
69.0,0.25
?Am
69.0,0.25
69.0,0.25
?Am
69.0,0.25
69.0,0.25
?C
69.0,0.375
71.0,0.125
?C
71.0,0.25
72.0,0.25
?C
72.0,0.25
72.0,0.25
?C
72.0,0.25
72.0,0.25
-
?C
76.0,0.25
76.0,0.125
72.0,0.125
?C
79.0,0.125
76.0,0.125
72.0,0.125
67.0,0.125
?G
71.0,0.125
74.0,0.125
76.0,0.125
74.0,0.125
?G
79.0,0.125
76.0,0.125
74.0,0.125
71.0,0.125
?Am
69.0,0.125
72.0,0.125
76.0,0.125
72.0,0.125
?Am
79.0,0.125
76.0,0.125
72.0,0.125
69.0,0.125
?F
65.0,0.125
69.0,0.125
72.0,0.125
69.0,0.125
?F
77.0,0.125
72.0,0.125
69.0,0.125
65.0,0.125
-
?Am
72.0,0.25
64.0,0.25
?F
64.0,0.125
65.0,0.125
67.0,0.25
?C
67.0,0.5
?G
0.0,0.25
69.0,0.125
71.0,0.125
?Am
72.0,0.25
64.0,0.25
?F
64.0,0.125
65.0,0.125
67.0,0.25
?C
67.0,0.5
?G
0.0,0.25
69.0,0.125
71.0,0.125
?Am
72.0,0.25
64.0,0.25
?F
64.0,0.125
65.0,0.125
67.0,0.25
?C
67.0,0.5
?G
0.0,0.25
69.0,0.125
71.0,0.125
?Am
72.0,0.25
64.0,0.25
?F
64.0,0.125
65.0,0.125
67.0,0.25
?C
67.0,0.5
-
?Dm
0.0,0.125
74.0,0.0625
76.0,0.0625
77.0,0.25
?C
72.0,0.125
76.0,0.25
72.0,0.125
?Am
0.0,0.125
69.0,0.0625
71.0,0.0625
72.0,0.25
?G
72.0,0.125
71.0,0.125
72.0,0.125
71.0,0.125
?Dm
0.0,0.125
74.0,0.0625
76.0,0.0625
77.0,0.25
?C
72.0,0.125
76.0,0.25
72.0,0.125
?Am
0.0,0.125
69.0,0.0625
71.0,0.0625
72.0,0.25
?G
72.0,0.125
71.0,0.125
72.0,0.125
71.0,0.125
-
?Em
64.0,0.125
67.0,0.125
71.0,0.125
76.0,0.125
?Em
79.0,0.25
0.0,0.25
?D#dim
59.0,0.125
69.0,0.125
72.0,0.125
76.0,0.125
?D#dim
78.0,0.25
0.0,0.25
?C
60.0,0.25
72.0,0.125
76.0,0.125
?C
79.0,0.25
0.0,0.25
?Am
57.0,0.125
69.0,0.125
72.0,0.125
75.0,0.125
?Am
78.0,0.25
0.0,0.25
?Em
64.0,0.125
67.0,0.125
71.0,0.125
76.0,0.125
?Em
79.0,0.25
0.0,0.25
?D#dim
59.0,0.125
69.0,0.125
72.0,0.125
76.0,0.125
?D#dim
78.0,0.25
0.0,0.25
?C
60.0,0.25
72.0,0.125
76.0,0.125
?C
79.0,0.25
0.0,0.25
?Am
57.0,0.125
69.0,0.125
72.0,0.125
75.0,0.125
?Am
78.0,0.25
0.0,0.25
?Em
64.0,0.125
66.0,0.125
67.0,0.125
69.0,0.125
?Em
71.0,0.25
0.0,0.25
?D#dim
72.0,0.125
71.0,0.125
69.0,0.125
76.0,0.125
?D#dim
78.0,0.25
0.0,0.25
?C
72.0,0.125
71.0,0.125
69.0,0.125
76.0,0.125
?C
79.0,0.25
0.0,0.25
?Am
72.0,0.125
71.0,0.125
69.0,0.25
?Am
76.0,0.375
0.0,0.125
?Em
64.0,0.125
66.0,0.125
67.0,0.125
69.0,0.125
?Em
71.0,0.25
0.0,0.25
?D#dim
72.0,0.125
71.0,0.125
69.0,0.125
76.0,0.125
?D#dim
78.0,0.25
0.0,0.25
?C
72.0,0.125
71.0,0.125
69.0,0.125
76.0,0.125
?C
79.0,0.25
0.0,0.25
?Am
72.0,0.125
71.0,0.125
69.0,0.25
-
?C
60.0,0.5
?G
67.0,0.0625
66.0,0.0625
67.0,0.125
69.0,0.125
64.0,0.125
?Am
64.0,0.5
?G
67.0,0.0625
66.0,0.0625
67.0,0.125
69.0,0.125
60.0,0.125
?F
60.0,0.5
?F#dim
60.0,0.5
?Gsus
67.0,0.5
?Gsus
67.0,0.125
-
?Am
76.0,0.125
64.0,0.125
74.0,0.125
69.0,0.125
?Am
72.0,0.125
69.0,0.125
64.0,0.125
69.0,0.125
?C
69.0,0.125
57.0,0.0625
60.0,0.0625
67.0,0.125
64.0,0.125
?C
72.0,0.125
60.0,0.125
81.0,0.125
79.0,0.125
?D
78.0,0.125
57.0,0.125
74.0,0.125
62.0,0.125
?D
69.0,0.125
57.0,0.125
71.0,0.125
57.0,0.125
?Am
71.0,0.0625
72.0,0.4375
?Am
72.0,0.3125
-
?Am
72.0,0.125
72.0,0.125
72.0,0.125
72.0,0.125
?C
76.0,0.125
76.0,0.125
76.0,0.125
76.0,0.125
?G
71.0,0.125
71.0,0.125
71.0,0.125
77.0,0.125
?Dm
77.0,0.125
77.0,0.125
77.0,0.125
76.0,0.125
?Am
72.0,0.125
72.0,0.125
72.0,0.125
72.0,0.125
?C
76.0,0.125
76.0,0.125
76.0,0.125
76.0,0.125
?G
71.0,0.125
71.0,0.125
71.0,0.125
77.0,0.125
?Dm
77.0,0.125
77.0,0.125
77.0,0.125
76.0,0.125
-
?Am
72.0,0.125
69.0,0.125
72.0,0.125
76.0,0.125
?Am
74.0,0.125
72.0,0.125
71.0,0.125
67.0,0.125
?F
69.0,0.0625
71.0,0.0625
72.0,0.0625
71.0,0.0625
69.0,0.125
65.0,0.125
?F
65.0,0.125
69.0,0.375
?G
71.0,0.125
62.0,0.125
67.0,0.125
71.0,0.125
?G
69.0,0.125
67.0,0.125
62.0,0.125
67.0,0.125
?G
71.0,0.0625
72.0,0.0625
74.0,0.0625
72.0,0.0625
71.0,0.125
74.0,0.125
?G
74.0,0.5
?Am
72.0,0.125
69.0,0.125
72.0,0.125
76.0,0.125
?Am
74.0,0.125
72.0,0.125
71.0,0.125
67.0,0.125
?F
69.0,0.0625
71.0,0.0625
72.0,0.0625
71.0,0.0625
69.0,0.125
65.0,0.125
?F
65.0,0.125
69.0,0.375
?G
71.0,0.125
62.0,0.125
67.0,0.125
71.0,0.125
?G
69.0,0.125
67.0,0.125
62.0,0.125
67.0,0.125
?G
71.0,0.0625
72.0,0.0625
74.0,0.0625
72.0,0.0625
71.0,0.125
74.0,0.125
?G
74.0,0.5
-
?Am
81.0,0.25
0.0,0.125
81.0,0.125
?Am
81.0,0.125
79.0,0.25
76.0,0.125
?F
76.0,0.25
0.0,0.125
76.0,0.125
?F
76.0,0.125
74.0,0.375
?G
79.0,0.25
0.0,0.125
79.0,0.125
?G
79.0,0.125
72.0,0.25
71.0,0.125
?Dm
71.0,0.25
0.0,0.125
71.0,0.125
?G
71.0,0.125
69.0,0.375
-
?G
0.0,0.125
67.0,0.1875
65.0,0.0625
67.0,0.0625
65.0,0.0625
?G
67.0,0.0625
65.0,0.125
62.0,0.25
0.0,0.0625
?G
0.0,0.125
67.0,0.1875
65.0,0.0625
67.0,0.0625
65.0,0.0625
-
?Am
74.0,0.125
76.0,0.375
?Am
76.0,0.25
76.0,0.125
74.0,0.125
?Ddim
71.0,0.125
76.0,0.375
?Ddim
74.0,0.25
77.0,0.125
76.0,0.125
?E
74.0,0.125
76.0,0.375
?E
76.0,0.25
76.0,0.125
74.0,0.125
?Am
72.0,0.125
76.0,0.375
?Am
72.0,0.25
77.0,0.125
76.0,0.125
-
?Am
72.0,0.375
67.0,0.125
?Am
67.0,0.25
69.0,0.25
?Am
69.0,0.25
69.0,0.25
?Am
69.0,0.25
69.0,0.25
?C
69.0,0.375
71.0,0.125
?C
71.0,0.25
72.0,0.25
?C
72.0,0.25
72.0,0.25
?C
72.0,0.25
72.0,0.25
-
?C
60.0,0.5
?C
60.0,0.5
?C
60.0,0.5
?C
71.0,0.5
?F
69.0,0.5
?F
69.0,0.5
?F
69.0,0.5
?F
69.0,0.5
?C
60.0,0.5
?C
60.0,0.5
?C
60.0,0.5
?C
71.0,0.5
?F
69.0,0.5
?F
69.0,0.5
?F
69.0,0.5
?F
60.0,0.125
60.0,0.125
60.0,0.125
62.0,0.125
-
?D
67.0,0.125
69.0,0.125
67.0,0.125
65.0,0.125
?F
62.0,0.25
67.0,0.125
69.0,0.125
?C
67.0,0.125
65.0,0.125
62.0,0.25
?G
0.0,0.25
62.0,0.25
?D
67.0,0.125
69.0,0.125
67.0,0.125
65.0,0.125
?F
62.0,0.25
67.0,0.125
69.0,0.125
?C
67.0,0.125
65.0,0.125
62.0,0.25
?G
62.0,0.25
62.0,0.25
-
?C
0.0,0.5
?C
0.0,0.5
?F
0.0,0.5
?F
0.0,0.5
?Am
0.0,0.5
?Am
0.0,0.5
?G
0.0,0.5
?G
0.0,0.5
?C
0.0,0.1875
64.0,0.125
0.0,0.0625
60.0,0.125
?C
65.0,0.125
0.0,0.125
64.0,0.25
?F
0.0,0.1875
64.0,0.125
0.0,0.0625
60.0,0.125
?F
65.0,0.125
64.0,0.125
60.0,0.25
?Am
0.0,0.1875
64.0,0.125
0.0,0.0625
60.0,0.125
?Am
65.0,0.125
0.0,0.125
64.0,0.25
?G
0.0,0.1875
64.0,0.125
0.0,0.0625
60.0,0.125
?G
65.0,0.125
64.0,0.125
60.0,0.25
-
?Am
0.0,0.4375
72.0,0.0625
?C
72.0,0.25
69.0,0.25
?D
0.0,0.4375
76.0,0.0625
?F
76.0,0.25
72.0,0.25
?Am
0.0,0.4375
72.0,0.0625
?C
72.0,0.25
69.0,0.25
?D
0.0,0.4375
76.0,0.0625
?F
76.0,0.25
72.0,0.25
-
?Am
83.0,0.125
84.0,0.125
76.0,0.125
83.0,0.125
?Am
83.0,0.125
84.0,0.125
0.0,0.25
?Am
83.0,0.125
84.0,0.125
76.0,0.125
84.0,0.125
?Am
84.0,0.125
83.0,0.25
74.0,0.125
?Dsus
81.0,0.125
83.0,0.125
74.0,0.125
81.0,0.125
?Dsus
81.0,0.125
83.0,0.25
74.0,0.125
?Dsus
79.0,0.5
?Dm
77.0,0.5
?Am
83.0,0.125
84.0,0.125
76.0,0.125
83.0,0.125
?Am
83.0,0.125
84.0,0.125
0.0,0.25
?Am
84.0,0.125
83.0,0.125
76.0,0.125
84.0,0.125
?Am
84.0,0.125
83.0,0.25
74.0,0.125
?Dsus
81.0,0.125
83.0,0.125
74.0,0.125
81.0,0.125
?Dsus
81.0,0.125
83.0,0.25
74.0,0.125
?Dsus
79.0,0.5
?D
78.0,0.5
-
?Am
81.0,0.5
?Am
81.0,0.5
?Am
81.0,0.5
?Am
83.0,0.25
84.0,0.25
?F
77.0,0.5
?F
77.0,0.5
?F
77.0,0.5
?F
83.0,0.25
84.0,0.25
?C
79.0,0.5
?C
79.0,0.5
?C
79.0,0.5
?C
83.0,0.25
84.0,0.25
?G
76.0,0.5
?G
76.0,0.5
?G
72.0,0.5
?G
71.0,0.5
?Am
84.0,0.1875
83.0,0.1875
81.0,0.125
?Am
76.0,0.5
?Am
76.0,0.5
?Am
71.0,0.25
72.0,0.25
?F
84.0,0.1875
83.0,0.1875
81.0,0.125
?F
77.0,0.5
?F
77.0,0.5
?F
71.0,0.25
72.0,0.25
?C
84.0,0.1875
83.0,0.1875
81.0,0.125
?C
74.0,0.5
?C
76.0,0.5
?C
71.0,0.25
72.0,0.125
74.0,0.0625
76.0,0.0625
?G
74.0,0.5
?G
74.0,0.5
?G
72.0,0.5
?G
71.0,0.5
-
?F
69.0,0.0625
0.0,0.1875
67.0,0.125
71.0,0.125
?F
67.0,0.125
69.0,0.125
69.0,0.125
67.0,0.0625
0.0,0.0625
?C
69.0,0.0625
0.0,0.1875
67.0,0.125
71.0,0.125
?C
67.0,0.125
69.0,0.125
69.0,0.125
67.0,0.0625
0.0,0.0625
?G
69.0,0.0625
0.0,0.1875
67.0,0.125
71.0,0.125
?G
67.0,0.125
69.0,0.125
69.0,0.125
67.0,0.0625
0.0,0.0625
?Am
69.0,0.0625
0.0,0.1875
67.0,0.125
71.0,0.125
-
?C
69.0,0.125
67.0,0.125
69.0,0.125
67.0,0.125
?C
69.0,0.125
72.0,0.0625
76.0,0.125
72.0,0.0625
67.0,0.125
?G
64.0,0.125
62.0,0.125
64.0,0.125
62.0,0.125
?G
64.0,0.125
67.0,0.0625
71.0,0.3125
?A#
67.0,0.125
65.0,0.125
67.0,0.125
65.0,0.125
?A#
67.0,0.125
70.0,0.0625
74.0,0.125
70.0,0.0625
65.0,0.125
?F
62.0,0.125
60.0,0.125
62.0,0.125
60.0,0.125
?F
62.0,0.125
65.0,0.0625
69.0,0.3125
-
?Am
69.0,0.1875
69.0,0.1875
69.0,0.125
?C
69.0,0.125
67.0,0.1875
67.0,0.1875
?Am
69.0,0.1875
69.0,0.1875
69.0,0.125
?Em
69.0,0.125
64.0,0.1875
64.0,0.1875
?F
65.0,0.1875
65.0,0.1875
65.0,0.125
?Am
65.0,0.125
64.0,0.1875
64.0,0.1875
?F
65.0,0.1875
65.0,0.1875
65.0,0.125
?Em
65.0,0.125
64.0,0.1875
64.0,0.1875
-
?Am
69.0,0.25
69.0,0.1875
64.0,0.0625
?G
67.0,0.125
69.0,0.375
?F
69.0,0.125
64.0,0.125
67.0,0.125
72.0,0.125
?F
72.0,0.5
?Am
69.0,0.25
69.0,0.1875
64.0,0.0625
?G
67.0,0.125
69.0,0.375
?Am
69.0,0.125
72.0,0.125
67.0,0.125
69.0,0.125
?Esus
69.0,0.5
?Am
69.0,0.25
69.0,0.1875
64.0,0.0625
?G
67.0,0.125
69.0,0.375
?F
69.0,0.125
64.0,0.125
67.0,0.125
72.0,0.125
?F
72.0,0.5
?Am
69.0,0.25
69.0,0.1875
64.0,0.0625
?G
67.0,0.125
69.0,0.375
?Am
74.0,0.0625
76.0,0.0625
74.0,0.0625
72.0,0.0625
71.0,0.125
69.0,0.125
?Esus
69.0,0.125
0.0,0.125
72.0,0.125
69.0,0.125
-
?Am
69.0,0.125
69.0,0.125
76.0,0.125
76.0,0.125
?Am
76.0,0.125
76.0,0.125
76.0,0.125
75.0,0.125
?B
75.0,0.125
75.0,0.125
75.0,0.125
75.0,0.125
?B
75.0,0.125
74.0,0.125
75.0,0.125
75.0,0.125
?C7
76.0,0.25
69.0,0.25
?C7
0.0,0.5
?Am
0.0,0.5
?Am
0.0,0.5
?Cm
72.0,0.25
79.0,0.25
?Cm
79.0,0.125
79.0,0.25
78.0,0.125
?D
78.0,0.125
78.0,0.125
78.0,0.125
76.0,0.125
?D
74.0,0.25
78.0,0.125
80.0,0.125
?Em7
80.0,0.25
0.0,0.25
?Em7
0.0,0.5
?Em7
0.0,0.5
?Dm
0.0,0.5
?Am
76.0,0.25
76.0,0.125
76.0,0.125
?Am
76.0,0.125
76.0,0.125
76.0,0.125
76.0,0.125
?Am
76.0,0.125
72.0,0.125
72.0,0.125
72.0,0.125
?Am
72.0,0.125
72.0,0.125
76.0,0.25
?A#
74.0,0.25
74.0,0.125
74.0,0.125
?A#
74.0,0.125
74.0,0.125
74.0,0.25
?A#
74.0,0.25
74.0,0.125
74.0,0.125
?A#
74.0,0.125
76.0,0.125
74.0,0.125
74.0,0.125
?G#dim
71.0,0.5
?G#dim
0.0,0.5
?G#dim
0.0,0.5
?G#dim
69.0,0.125
69.0,0.125
72.0,0.125
74.0,0.125
?Am
76.0,0.375
69.0,0.125
?Am
69.0,0.5
?C7
0.0,0.375
69.0,0.125
?C7
69.0,0.125
69.0,0.125
72.0,0.125
74.0,0.125
?Am
76.0,0.375
69.0,0.125
?Am
69.0,0.125
69.0,0.125
79.0,0.125
78.0,0.125
?Cdim
78.0,0.125
78.0,0.125
79.0,0.125
78.0,0.125
?G
78.0,0.25
-
?D#
63.0,0.25
0.0,0.1875
63.0,0.0625
?D#
74.0,0.0625
75.0,0.0625
67.0,0.0625
63.0,0.0625
63.0,0.0625
0.0,0.0625
63.0,0.125
?D#
0.0,0.0625
63.0,0.0625
74.0,0.0625
75.0,0.0625
63.0,0.125
0.0,0.0625
63.0,0.0625
?D#
74.0,0.0625
75.0,0.0625
67.0,0.125
70.0,0.0625
75.0,0.0625
70.0,0.125
?Cm
60.0,0.25
0.0,0.1875
60.0,0.0625
?Cm
70.0,0.0625
72.0,0.0625
63.0,0.0625
60.0,0.0625
60.0,0.0625
0.0,0.0625
60.0,0.125
?Cm
0.0,0.0625
60.0,0.0625
70.0,0.0625
72.0,0.0625
60.0,0.125
0.0,0.0625
60.0,0.0625
?Cm
70.0,0.0625
72.0,0.0625
63.0,0.125
67.0,0.0625
72.0,0.0625
67.0,0.125
?D#
63.0,0.25
0.0,0.1875
63.0,0.0625
?D#
74.0,0.0625
75.0,0.0625
70.0,0.125
70.0,0.0625
0.0,0.0625
63.0,0.125
?D#
0.0,0.0625
63.0,0.0625
74.0,0.0625
75.0,0.0625
63.0,0.125
0.0,0.0625
63.0,0.0625
?D#
74.0,0.0625
75.0,0.0625
67.0,0.125
70.0,0.0625
75.0,0.1875
?Cm
60.0,0.25
0.0,0.1875
60.0,0.0625
?Cm
70.0,0.0625
72.0,0.0625
63.0,0.0625
60.0,0.0625
60.0,0.0625
0.0,0.0625
60.0,0.125
?Cm
0.0,0.0625
60.0,0.0625
70.0,0.0625
72.0,0.0625
60.0,0.125
0.0,0.0625
60.0,0.0625
?Cm
70.0,0.0625
72.0,0.0625
63.0,0.125
67.0,0.0625
72.0,0.1875
-
?C
60.0,0.5
?C
60.0,0.5
?C
60.0,0.5
?C
65.0,0.25
65.0,0.25
?C
65.0,0.5
?C
65.0,0.5
?C
65.0,0.5
?C
72.0,0.25
72.0,0.25
?C
67.0,0.5
?C
67.0,0.5
?C
67.0,0.5
?C
64.0,0.5
?C
64.0,0.5
?C
64.0,0.5
-
?C
0.0,0.25
76.0,0.25
?C
76.0,0.125
74.0,0.125
72.0,0.125
70.0,0.125
?C
70.0,0.125
70.0,0.25
72.0,0.125
?C
72.0,0.125
74.0,0.125
72.0,0.25
?C
0.0,0.25
76.0,0.25
?C
76.0,0.125
74.0,0.125
72.0,0.125
70.0,0.125
?C
70.0,0.125
70.0,0.25
72.0,0.125
?C
72.0,0.125
74.0,0.125
72.0,0.25
-
?Am
72.0,0.0625
71.0,0.0625
72.0,0.0625
69.0,0.0625
72.0,0.0625
64.0,0.0625
72.0,0.0625
69.0,0.0625
?F
72.0,0.0625
65.0,0.0625
77.0,0.0625
69.0,0.0625
72.0,0.0625
65.0,0.0625
77.0,0.0625
72.0,0.0625
?C
76.0,0.0625
72.0,0.0625
77.0,0.0625
72.0,0.0625
79.0,0.0625
72.0,0.0625
74.0,0.0625
72.0,0.0625
?G
74.0,0.0625
67.0,0.0625
79.0,0.0625
72.0,0.0625
74.0,0.0625
67.0,0.0625
79.0,0.0625
71.0,0.0625
?Am
72.0,0.0625
71.0,0.0625
72.0,0.0625
69.0,0.0625
72.0,0.0625
64.0,0.0625
72.0,0.0625
69.0,0.0625
?F
72.0,0.0625
65.0,0.0625
77.0,0.0625
69.0,0.0625
72.0,0.0625
65.0,0.0625
77.0,0.0625
72.0,0.0625
?C
76.0,0.0625
72.0,0.0625
77.0,0.0625
72.0,0.0625
79.0,0.0625
72.0,0.0625
74.0,0.0625
72.0,0.0625
?G
74.0,0.0625
67.0,0.0625
79.0,0.0625
72.0,0.0625
74.0,0.0625
67.0,0.0625
79.0,0.0625
71.0,0.0625
-
?C
60.0,0.125
67.0,0.125
72.0,0.125
76.0,0.125
?C
67.0,0.125
72.0,0.125
76.0,0.125
72.0,0.125
?Em
64.0,0.125
71.0,0.125
76.0,0.125
83.0,0.125
?Em
71.0,0.125
76.0,0.125
83.0,0.125
76.0,0.125
?Am
57.0,0.125
64.0,0.125
72.0,0.125
76.0,0.125
?Am
64.0,0.125
72.0,0.125
76.0,0.125
55.0,0.125
?F
53.0,0.125
60.0,0.125
65.0,0.125
69.0,0.125
?F
60.0,0.125
65.0,0.125
72.0,0.25
?C
0.0,0.25
76.0,0.0625
0.0,0.0625
76.0,0.125
?C
76.0,0.125
76.0,0.125
79.0,0.25
?Em
81.0,0.25
0.0,0.25
?Em
76.0,0.125
76.0,0.125
76.0,0.125
76.0,0.0625
0.0,0.0625
?Am
76.0,0.25
72.0,0.25
?Am
69.0,0.5
?F
0.0,0.5
?F
0.0,0.125
67.0,0.125
69.0,0.125
67.0,0.125
?C
0.0,0.125
67.0,0.0625
0.0,0.0625
76.0,0.0625
0.0,0.0625
76.0,0.125
?C
76.0,0.25
79.0,0.25
?Em
81.0,0.25
0.0,0.25
?Em
76.0,0.125
76.0,0.125
76.0,0.125
76.0,0.0625
0.0,0.0625
?Am
76.0,0.25
72.0,0.25
?Am
69.0,0.5
-
?C
67.0,0.25
65.0,0.25
?C
67.0,0.25
65.0,0.25
?Am
76.0,0.125
72.0,0.125
74.0,0.125
71.0,0.125
?F
72.0,0.5
-
?Am
76.0,0.125
72.0,0.125
69.0,0.125
76.0,0.125
?Am
72.0,0.125
69.0,0.125
72.0,0.125
69.0,0.125
?Dm
77.0,0.125
74.0,0.125
69.0,0.125
76.0,0.125
?C
72.0,0.125
67.0,0.125
76.0,0.125
72.0,0.125
?G
74.0,0.125
71.0,0.125
67.0,0.125
74.0,0.125
?G
71.0,0.125
67.0,0.125
71.0,0.125
67.0,0.125
?C
76.0,0.125
72.0,0.125
67.0,0.125
74.0,0.125
?G
71.0,0.125
67.0,0.125
71.0,0.125
67.0,0.125
?Am
76.0,0.125
72.0,0.125
69.0,0.125
76.0,0.125
?Am
72.0,0.125
69.0,0.125
72.0,0.125
69.0,0.125
?Dm
77.0,0.125
74.0,0.125
69.0,0.125
76.0,0.125
?C
72.0,0.125
67.0,0.125
76.0,0.125
72.0,0.125
?G
74.0,0.125
71.0,0.125
67.0,0.125
74.0,0.125
?G
71.0,0.125
67.0,0.125
71.0,0.125
67.0,0.125
?C
76.0,0.125
72.0,0.125
67.0,0.125
74.0,0.125
?G
71.0,0.125
67.0,0.125
71.0,0.125
67.0,0.125
-
?Am
0.0,0.5
?Am
0.0,0.5
?Dm
0.0,0.5
?F
0.0,0.5
?C
0.0,0.5
?C
0.0,0.5
?F
0.0,0.5
?F
0.0,0.25
64.0,0.125
65.0,0.125
?Am
67.0,0.125
67.0,0.375
?Am
67.0,0.5
?Dm
67.0,0.125
67.0,0.375
?F
67.0,0.5
?C
0.0,0.125
67.0,0.125
67.0,0.125
67.0,0.125
?C
67.0,0.125
65.0,0.125
64.0,0.125
60.0,0.125
?F
60.0,0.5
?Em
60.0,0.25
64.0,0.125
65.0,0.125
?Am
67.0,0.125
67.0,0.375
?Am
67.0,0.5
?Dm
67.0,0.125
67.0,0.375
?C7
67.0,0.5
?C
0.0,0.125
67.0,0.125
67.0,0.125
67.0,0.125
?C
67.0,0.125
65.0,0.125
64.0,0.125
60.0,0.125
?F
60.0,0.5
?Em
60.0,0.5
?Am
0.0,0.25
76.0,0.25
?Am
74.0,0.125
72.0,0.125
72.0,0.125
69.0,0.125
?Dm
72.0,0.25
72.0,0.125
69.0,0.125
?C7
69.0,0.375
69.0,0.125
?C
69.0,0.125
67.0,0.125
67.0,0.125
64.0,0.125
?C
69.0,0.25
67.0,0.125
69.0,0.125
?F
64.0,0.125
60.0,0.125
60.0,0.25
?Em
60.0,0.5
?Am
0.0,0.25
76.0,0.25
?Am
74.0,0.125
72.0,0.125
72.0,0.125
69.0,0.125
?Dm
72.0,0.25
72.0,0.125
69.0,0.125
?F
69.0,0.375
69.0,0.125
?C
69.0,0.125
67.0,0.125
67.0,0.125
64.0,0.125
?C
69.0,0.25
67.0,0.125
69.0,0.125
?E
64.0,0.125
60.0,0.125
60.0,0.25
?E
60.0,0.5
-
?C
72.0,0.5
?C
72.0,0.5
?C
0.0,0.5
?C
0.0,0.25
72.0,0.125
74.0,0.125
?C
74.0,0.0625
76.0,0.0625
74.0,0.125
72.0,0.125
71.0,0.125
?C
71.0,0.125
67.0,0.125
77.0,0.0625
79.0,0.0625
77.0,0.125
?C
76.0,0.125
72.0,0.375
?C
0.0,0.5
?C
0.0,0.5
?C
72.0,0.25
71.0,0.25
?G
67.0,0.375
67.0,0.125
?G
67.0,0.25
69.0,0.25
?C
64.0,0.375
64.0,0.125
?C
72.0,0.25
71.0,0.25
?Am7
67.0,0.25
67.0,0.125
64.0,0.125
?Am7
67.0,0.25
69.0,0.25
?Am7
0.0,0.5
?Am7
0.0,0.125
60.0,0.125
60.0,0.125
67.0,0.125
?Fdim
67.0,0.125
65.0,0.25
64.0,0.125
?Fdim
64.0,0.125
62.0,0.25
64.0,0.125
?G
64.0,0.5
?G
0.0,0.125
60.0,0.125
60.0,0.125
67.0,0.125
?G
67.0,0.125
65.0,0.25
64.0,0.125
?G
64.0,0.125
62.0,0.25
60.0,0.125
?C
60.0,0.5
?C
72.0,0.125
72.0,0.125
74.0,0.25
?F
74.0,0.5
?F
74.0,0.125
74.0,0.125
76.0,0.25
?C
76.0,0.125
0.0,0.25
72.0,0.125
?C
72.0,0.125
72.0,0.125
72.0,0.25
?C
83.0,0.25
84.0,0.125
79.0,0.125
?G
79.0,0.125
77.0,0.125
76.0,0.125
77.0,0.125
?Am7
76.0,0.125
74.0,0.125
72.0,0.125
0.0,0.125
?Am7
0.0,0.5
?C
74.0,0.125
76.0,0.125
76.0,0.125
76.0,0.125
?C
76.0,0.125
74.0,0.125
72.0,0.25
-
?Am7
76.0,0.125
74.0,0.25
72.0,0.125
?Am7
71.0,0.25
69.0,0.125
67.0,0.125
?Am7
67.0,0.125
69.0,0.125
67.0,0.25
?Am7
67.0,0.125
0.0,0.375
?C
67.0,0.125
69.0,0.25
67.0,0.125
?C
67.0,0.25
72.0,0.125
69.0,0.125
?C
69.0,0.125
67.0,0.125
67.0,0.25
?C
0.0,0.5
?Am7
76.0,0.125
74.0,0.25
72.0,0.125
?Am7
71.0,0.25
69.0,0.125
67.0,0.125
?Am7
67.0,0.125
69.0,0.125
67.0,0.25
?Am7
67.0,0.25
72.0,0.25
?C
71.0,0.25
0.0,0.125
69.0,0.125
?C
69.0,0.125
0.0,0.125
64.0,0.25
?C
64.0,0.125
62.0,0.375
?C
60.0,0.25
0.0,0.25
?Am7
76.0,0.125
74.0,0.25
72.0,0.125
?Am7
71.0,0.25
69.0,0.125
67.0,0.125
?Am7
67.0,0.125
69.0,0.125
67.0,0.25
?Am7
67.0,0.125
0.0,0.375
?C
67.0,0.125
69.0,0.25
67.0,0.125
?C
67.0,0.25
72.0,0.125
74.0,0.125
?C
74.0,0.25
76.0,0.125
76.0,0.125
?C
76.0,0.125
0.0,0.375
?Am7
76.0,0.125
74.0,0.25
72.0,0.125
?Am7
71.0,0.25
69.0,0.125
67.0,0.125
?Am7
67.0,0.125
69.0,0.125
67.0,0.25
?Am7
67.0,0.25
72.0,0.25
?F
71.0,0.25
0.0,0.125
69.0,0.125
?F
69.0,0.125
0.0,0.125
64.0,0.25
?F
64.0,0.125
62.0,0.375
-
?Am
81.0,0.25
0.0,0.125
81.0,0.125
?Am
81.0,0.125
79.0,0.25
76.0,0.125
?F
76.0,0.25
0.0,0.125
76.0,0.125
?F
76.0,0.125
74.0,0.375
?G
79.0,0.25
0.0,0.125
79.0,0.125
?G
79.0,0.125
72.0,0.25
71.0,0.125
?G
71.0,0.25
0.0,0.125
71.0,0.125
?G
71.0,0.125
69.0,0.375
-
?C
0.0,0.5
?C
0.0,0.1875
74.0,0.0625
74.0,0.0625
74.0,0.0625
74.0,0.0625
74.0,0.0625
?G
79.0,0.125
79.0,0.125
77.0,0.125
77.0,0.0625
74.0,0.0625
?G
74.0,0.5
?G
0.0,0.5
?G
0.0,0.1875
74.0,0.0625
74.0,0.125
74.0,0.125
?G
79.0,0.125
79.0,0.125
77.0,0.0625
77.0,0.125
74.0,0.0625
?G
74.0,0.25
0.0,0.125
72.0,0.0625
72.0,0.0625
?G
74.0,0.0625
72.0,0.125
71.0,0.3125
?G
0.0,0.1875
74.0,0.0625
74.0,0.125
74.0,0.125
?G
79.0,0.125
79.0,0.125
77.0,0.125
77.0,0.0625
79.0,0.0625
?G
79.0,0.0625
77.0,0.0625
74.0,0.375
?G
0.0,0.5
?G
0.0,0.125
79.0,0.0625
79.0,0.0625
79.0,0.125
84.0,0.125
?G
83.0,0.375
0.0,0.125
?G
0.0,0.125
79.0,0.125
79.0,0.125
84.0,0.125
?G
83.0,0.0625
81.0,0.125
79.0,0.3125
?G
79.0,0.25
-
?G
0.0,0.125
67.0,0.1875
65.0,0.0625
67.0,0.0625
65.0,0.0625
?G
67.0,0.0625
65.0,0.125
62.0,0.25
0.0,0.0625
?G
0.0,0.125
67.0,0.1875
65.0,0.0625
67.0,0.0625
65.0,0.0625
-
?Dm
62.0,0.5
?Dm
62.0,0.5
?Dm
62.0,0.3125
62.0,0.0625
65.0,0.0625
69.0,0.0625
?Dm
74.0,0.25
74.0,0.125
69.0,0.125
?Dm
62.0,0.125
64.0,0.125
65.0,0.125
67.0,0.125
?F
69.0,0.5
?F
69.0,0.3125
65.0,0.0625
69.0,0.0625
72.0,0.0625
?F
77.0,0.3125
77.0,0.0625
76.0,0.0625
74.0,0.0625
?Am
69.0,0.5
?Am
69.0,0.5
?Am
69.0,0.3125
64.0,0.0625
69.0,0.0625
72.0,0.0625
?Am
76.0,0.3125
76.0,0.0625
72.0,0.0625
69.0,0.0625
?Dm
62.0,0.5
?Dm
62.0,0.5
?Dm
62.0,0.3125
62.0,0.0625
65.0,0.0625
69.0,0.0625
?Dm
74.0,0.3125
74.0,0.0625
69.0,0.0625
65.0,0.0625
-
?Am
81.0,0.5
?Am
81.0,0.5
?Am
81.0,0.5
?Am
81.0,0.5
?Dm
81.0,0.5
?Dm
81.0,0.5
?G
81.0,0.5
?G
81.0,0.5
?Am
81.0,0.5
?Am
81.0,0.5
?Am
81.0,0.5
?Am
81.0,0.5
?Dm
81.0,0.5
?Dm
81.0,0.5
?G
81.0,0.5
?G
81.0,0.5
-
?Am
74.0,0.125
76.0,0.375
?Am
76.0,0.25
76.0,0.125
74.0,0.125
?Em7
71.0,0.125
76.0,0.375
?Em7
74.0,0.25
77.0,0.125
76.0,0.125
?E
74.0,0.125
76.0,0.375
?E
76.0,0.25
76.0,0.125
74.0,0.125
?Am
72.0,0.125
76.0,0.375
?Am
72.0,0.25
77.0,0.125
76.0,0.125
-
?F
0.0,0.125
65.0,0.125
60.0,0.25
?F
65.0,0.125
60.0,0.25
64.0,0.125
?C
64.0,0.125
64.0,0.125
60.0,0.25
?C
64.0,0.125
60.0,0.25
64.0,0.125
?C
64.0,0.125
64.0,0.125
60.0,0.25
?C
64.0,0.125
60.0,0.25
62.0,0.125
?G
62.0,0.125
62.0,0.125
60.0,0.25
?G
62.0,0.125
60.0,0.25
65.0,0.125
?F
65.0,0.125
65.0,0.125
60.0,0.25
?F
65.0,0.125
60.0,0.25
64.0,0.125
?C
64.0,0.125
64.0,0.125
60.0,0.25
?C
64.0,0.125
60.0,0.25
64.0,0.125
?C
64.0,0.125
64.0,0.125
60.0,0.25
?C
64.0,0.125
60.0,0.25
62.0,0.125
?G
62.0,0.125
62.0,0.125
60.0,0.25
-
?Am
74.0,0.125
74.0,0.0625
72.0,0.0625
74.0,0.0625
72.0,0.0625
69.0,0.0625
67.0,0.0625
?C
0.0,0.0625
72.0,0.1875
72.0,0.25
?Am
74.0,0.125
74.0,0.0625
72.0,0.0625
74.0,0.0625
72.0,0.0625
69.0,0.0625
67.0,0.0625
?C
0.0,0.125
76.0,0.125
0.0,0.125
76.0,0.125
?Am
74.0,0.125
74.0,0.0625
72.0,0.0625
74.0,0.0625
72.0,0.0625
69.0,0.0625
67.0,0.0625
?G
0.0,0.0625
77.0,0.0625
79.0,0.0625
76.0,0.3125
?F
72.0,0.1875
74.0,0.125
74.0,0.125
74.0,0.0625
-
?Am
72.0,0.375
69.0,0.125
?Am
69.0,0.125
71.0,0.25
72.0,0.125
?F
72.0,0.375
0.0,0.125
?F
0.0,0.25
72.0,0.125
71.0,0.125
?C
72.0,0.375
72.0,0.125
?C
72.0,0.125
71.0,0.25
71.0,0.125
?G
74.0,0.5
?G
0.0,0.25
71.0,0.25
?Am
72.0,0.375
69.0,0.125
?Am
69.0,0.125
71.0,0.25
72.0,0.125
?F
72.0,0.375
0.0,0.125
?F
0.0,0.25
72.0,0.125
71.0,0.125
?C
72.0,0.375
72.0,0.125
?C
72.0,0.125
71.0,0.25
71.0,0.125
?G
74.0,0.5
?G
71.0,0.5
-
?C
72.0,0.125
76.0,0.125
79.0,0.125
76.0,0.125
?C
79.0,0.125
84.0,0.125
79.0,0.125
74.0,0.125
?G
71.0,0.125
74.0,0.125
79.0,0.125
71.0,0.125
?G
74.0,0.125
84.0,0.125
79.0,0.125
74.0,0.125
?C
69.0,0.125
76.0,0.125
79.0,0.125
69.0,0.125
?C
76.0,0.125
84.0,0.125
79.0,0.125
74.0,0.125
?Csus
65.0,0.125
74.0,0.125
84.0,0.125
74.0,0.125
?Csus
65.0,0.125
84.0,0.125
65.0,0.125
84.0,0.125
-
?G
67.0,0.375
67.0,0.125
?G
67.0,0.125
74.0,0.125
72.0,0.25
?Dm
65.0,0.375
65.0,0.125
?Dm
65.0,0.125
74.0,0.125
72.0,0.25
?Dm
65.0,0.375
65.0,0.125
?Dm
65.0,0.125
74.0,0.125
72.0,0.25
?C
64.0,0.375
64.0,0.125
?C
64.0,0.125
74.0,0.125
72.0,0.25
?G
67.0,0.375
67.0,0.125
?G
67.0,0.125
74.0,0.125
72.0,0.25
?Dm
65.0,0.375
65.0,0.125
?Dm
65.0,0.125
74.0,0.125
72.0,0.25
?Dm
65.0,0.375
65.0,0.125
?Dm
65.0,0.125
74.0,0.125
72.0,0.25
?C
64.0,0.5
?C
64.0,0.5
-
?G
79.0,0.125
74.0,0.125
71.0,0.125
79.0,0.125
?G
74.0,0.125
71.0,0.125
79.0,0.125
74.0,0.125
?Dm
77.0,0.125
74.0,0.125
69.0,0.125
77.0,0.125
?Dm
74.0,0.125
69.0,0.125
77.0,0.125
74.0,0.125
?Dm
77.0,0.125
74.0,0.125
69.0,0.125
77.0,0.125
?Dm
74.0,0.125
69.0,0.125
77.0,0.125
74.0,0.125
?C
76.0,0.125
72.0,0.125
69.0,0.125
76.0,0.125
?C
72.0,0.125
69.0,0.125
76.0,0.125
72.0,0.125
-
?C
48.0,0.4375
50.0,0.0625
?Em
52.0,0.25
55.0,0.25
?C
57.0,0.5
?Em
55.0,0.5
?C
48.0,0.4375
50.0,0.0625
?Em
52.0,0.25
47.0,0.25
?Am
45.0,0.5
?G
43.0,0.375
67.0,0.0625
67.0,0.0625
?C
76.0,0.125
76.0,0.125
72.0,0.125
67.0,0.0625
67.0,0.0625
?Em
72.0,0.125
72.0,0.125
71.0,0.25
?C
69.0,0.5
?Em
0.0,0.375
67.0,0.0625
67.0,0.0625
?C
76.0,0.125
76.0,0.0625
76.0,0.0625
72.0,0.1875
67.0,0.0625
?Em
72.0,0.125
72.0,0.0625
74.0,0.0625
71.0,0.25
?C
69.0,0.5
?Em
0.0,0.375
67.0,0.0625
67.0,0.0625
?C
76.0,0.125
76.0,0.125
72.0,0.1875
67.0,0.0625
?Em
71.0,0.0625
72.0,0.1875
71.0,0.25
?C
69.0,0.5
?Em
0.0,0.125
67.0,0.125
72.0,0.125
74.0,0.125
?C
76.0,0.375
79.0,0.125
?Em
79.0,0.125
72.0,0.375
?C
0.0,0.5
?Em
0.0,0.375
67.0,0.0625
67.0,0.0625
-
?C
72.0,0.1875
72.0,0.1875
72.0,0.125
?C
72.0,0.125
74.0,0.25
74.0,0.125
?C
76.0,0.1875
76.0,0.1875
76.0,0.125
?C
76.0,0.125
76.0,0.25
76.0,0.125
?C
76.0,0.1875
76.0,0.1875
76.0,0.125
?C
76.0,0.125
76.0,0.25
74.0,0.125
?G
71.0,0.1875
71.0,0.1875
71.0,0.125
?G
71.0,0.125
71.0,0.125
72.0,0.125
71.0,0.125
?C
72.0,0.1875
72.0,0.1875
72.0,0.125
?C
72.0,0.125
74.0,0.25
74.0,0.125
?C
76.0,0.1875
76.0,0.1875
76.0,0.125
?C
76.0,0.125
76.0,0.25
76.0,0.125
?C
76.0,0.1875
76.0,0.1875
76.0,0.125
?C
76.0,0.125
76.0,0.25
74.0,0.125
?G
71.0,0.1875
71.0,0.1875
71.0,0.125
?G
71.0,0.125
71.0,0.125
72.0,0.125
71.0,0.125
-
?C
76.0,0.25
76.0,0.125
72.0,0.0625
74.0,0.0625
?G
74.0,0.25
74.0,0.125
71.0,0.0625
74.0,0.0625
?Dsus
67.0,0.125
66.0,0.125
62.0,0.125
65.0,0.125
?F
60.0,0.375
64.0,0.125
?C
76.0,0.25
76.0,0.125
72.0,0.0625
74.0,0.0625
?G
74.0,0.25
74.0,0.125
71.0,0.0625
74.0,0.0625
?Dsus
67.0,0.125
66.0,0.125
62.0,0.125
65.0,0.125
?F
60.0,0.125
64.0,0.125
62.0,0.125
60.0,0.125
?C
76.0,0.25
76.0,0.125
72.0,0.0625
74.0,0.0625
?G
74.0,0.25
74.0,0.125
71.0,0.0625
74.0,0.0625
?Dsus
67.0,0.125
66.0,0.125
62.0,0.125
65.0,0.125
?F
60.0,0.375
64.0,0.125
?C
72.0,0.25
72.0,0.125
74.0,0.125
?G
74.0,0.125
71.0,0.125
69.0,0.125
67.0,0.125
?D
69.0,0.25
62.0,0.125
65.0,0.125
?F
60.0,0.5
-
?Am
0.0,0.125
74.0,0.25
72.0,0.125
?Am
74.0,0.125
72.0,0.125
0.0,0.25
?C
0.0,0.125
74.0,0.25
72.0,0.125
?C
74.0,0.125
72.0,0.125
0.0,0.25
?F
0.0,0.125
74.0,0.25
72.0,0.125
?F
74.0,0.125
72.0,0.125
0.0,0.25
?G
0.0,0.125
74.0,0.25
72.0,0.125
?G
74.0,0.125
72.0,0.125
0.0,0.25
?Am
0.0,0.25
76.0,0.125
76.0,0.125
?Am
76.0,0.125
76.0,0.125
76.0,0.125
76.0,0.125
?Am
79.0,0.25
76.0,0.25
?Am
74.0,0.25
72.0,0.25
?F
69.0,0.25
69.0,0.125
69.0,0.125
?F
69.0,0.125
69.0,0.125
72.0,0.125
74.0,0.125
?G
0.0,0.125
74.0,0.125
74.0,0.125
74.0,0.125
?G
74.0,0.125
76.0,0.125
74.0,0.125
72.0,0.125
?Am
0.0,0.125
76.0,0.125
76.0,0.125
76.0,0.125
?Am
76.0,0.125
76.0,0.125
76.0,0.125
76.0,0.125
?C
79.0,0.25
76.0,0.25
?C
74.0,0.25
72.0,0.25
?F
69.0,0.25
69.0,0.125
69.0,0.125
?F
69.0,0.125
69.0,0.125
72.0,0.125
74.0,0.125
?G
0.0,0.125
74.0,0.125
74.0,0.125
74.0,0.125
?G
74.0,0.125
76.0,0.125
74.0,0.125
72.0,0.125
-
?Dm
74.0,0.125
69.0,0.125
72.0,0.125
74.0,0.125
?Em
72.0,0.125
69.0,0.125
67.0,0.125
69.0,0.125
?F
74.0,0.125
69.0,0.125
72.0,0.125
74.0,0.125
?Em
72.0,0.125
69.0,0.125
67.0,0.125
69.0,0.125
?Dm
74.0,0.125
69.0,0.125
72.0,0.125
74.0,0.125
?Em
72.0,0.125
69.0,0.125
67.0,0.125
69.0,0.125
?F
74.0,0.125
69.0,0.125
72.0,0.125
74.0,0.125
?Em
72.0,0.125
69.0,0.125
67.0,0.125
69.0,0.125
-
?C
0.0,0.5
?C
0.0,0.25
72.0,0.25
?Em
79.0,0.5
?Em
79.0,0.25
74.0,0.25
?F7
77.0,0.5
?F7
77.0,0.25
72.0,0.25
?F
76.0,0.5
?F
76.0,0.25
71.0,0.25
-
?C
0.0,0.25
69.0,0.25
?D
69.0,0.5
?F
0.0,0.25
64.0,0.25
?G
64.0,0.5
?C
0.0,0.25
69.0,0.25
?D
69.0,0.5
?F
0.0,0.25
64.0,0.25
?G
64.0,0.5
?C
0.0,0.25
69.0,0.25
?D
69.0,0.5
?F
0.0,0.25
64.0,0.25
?G
64.0,0.5
?C
0.0,0.25
69.0,0.25
?D
69.0,0.5
?F
0.0,0.25
64.0,0.25
?G
64.0,0.5
-
?Em
71.0,0.25
72.0,0.125
70.0,0.125
?Edim
70.0,0.125
72.0,0.125
67.0,0.125
64.0,0.125
?F
0.0,0.25
69.0,0.125
68.0,0.125
?E
68.0,0.125
64.0,0.125
68.0,0.125
67.0,0.125
?C
67.0,0.125
60.0,0.125
67.0,0.125
66.0,0.125
?F#dim
66.0,0.125
60.0,0.125
66.0,0.125
65.0,0.125
?Dm7
65.0,0.125
67.0,0.25
69.0,0.125
?Dm7
69.0,0.125
60.0,0.375
-
?Em
71.0,0.25
72.0,0.125
70.0,0.125
?Edim
70.0,0.125
72.0,0.125
67.0,0.125
64.0,0.125
?F
0.0,0.25
69.0,0.125
68.0,0.125
?E
68.0,0.125
64.0,0.125
68.0,0.125
67.0,0.125
?C
67.0,0.125
60.0,0.125
67.0,0.125
66.0,0.125
?F#dim
66.0,0.125
60.0,0.125
66.0,0.125
65.0,0.125
?Dm7
65.0,0.125
67.0,0.25
69.0,0.125
?Dm7
69.0,0.125
60.0,0.375
-
