?G
74.0,0.125
67.0,0.125
67.0,0.125
74.0,0.0625
74.0,0.0625
?G
74.0,0.125
67.0,0.0625
67.0,0.1875
74.0,0.0625
71.0,0.0625
?F
72.0,0.125
72.0,0.125
72.0,0.125
71.0,0.0625
72.0,0.0625
?C
72.0,0.0625
71.0,0.0625
69.0,0.0625
67.0,0.125
0.0,0.0625
67.0,0.125
?G
71.0,0.125
67.0,0.125
67.0,0.125
67.0,0.0625
71.0,0.0625
?G
71.0,0.125
67.0,0.125
67.0,0.125
0.0,0.125
?D
0.0,0.125
69.0,0.125
69.0,0.125
67.0,0.0625
66.0,0.0625
?D
66.0,0.0625
64.0,0.0625
62.0,0.125
0.0,0.25
?G
0.0,0.0625
74.0,0.0625
74.0,0.0625
74.0,0.0625
74.0,0.125
74.0,0.0625
79.0,0.0625
?G
79.0,0.0625
74.0,0.1875
0.0,0.125
74.0,0.0625
74.0,0.0625
?C
76.0,0.125
76.0,0.125
76.0,0.125
76.0,0.125
?Cm
75.0,0.25
0.0,0.125
71.0,0.0625
72.0,0.0625
?G
74.0,0.125
74.0,0.125
72.0,0.125
71.0,0.0625
74.0,0.0625
?D
74.0,0.125
74.0,0.125
72.0,0.0625
71.0,0.125
71.0,0.0625
?C
67.0,0.25
0.0,0.125
62.0,0.125
-
?F
0.0,0.375
57.0,0.125
?F
64.0,0.25
64.0,0.25
?G
62.0,0.0625
60.0,0.0625
57.0,0.125
60.0,0.125
60.0,0.125
?G
64.0,0.25
64.0,0.25
?Em
62.0,0.0625
60.0,0.0625
57.0,0.125
60.0,0.125
60.0,0.125
?Em
64.0,0.25
64.0,0.25
?F
62.0,0.125
60.0,0.125
60.0,0.125
60.0,0.125
?F
62.0,0.125
60.0,0.125
64.0,0.125
60.0,0.125
?F
60.0,0.25
0.0,0.125
60.0,0.125
?F
64.0,0.25
64.0,0.25
?G
62.0,0.0625
60.0,0.0625
57.0,0.125
60.0,0.125
60.0,0.125
?G
64.0,0.25
64.0,0.25
?Em
62.0,0.0625
60.0,0.0625
57.0,0.125
60.0,0.125
60.0,0.125
?Em
64.0,0.1875
0.0,0.0625
64.0,0.25
?E
62.0,0.125
60.0,0.25
64.0,0.125
-
?G
65.0,0.375
65.0,0.125
?G
64.0,0.375
64.0,0.125
?G
62.0,0.5
?G
67.0,0.375
69.0,0.125
?F
69.0,0.125
67.0,0.125
64.0,0.25
?F
64.0,0.5
?F
64.0,0.5
?F
64.0,0.1875
62.0,0.1875
60.0,0.125
?G
65.0,0.375
65.0,0.125
?G
64.0,0.375
64.0,0.125
?G
62.0,0.5
?G
67.0,0.125
67.0,0.25
69.0,0.125
?F
69.0,0.125
67.0,0.125
64.0,0.25
?F
64.0,0.5
?F
64.0,0.5
-
?Am
76.0,0.125
76.0,0.0625
76.0,0.0625
76.0,0.0625
76.0,0.0625
74.0,0.0625
72.0,0.0625
?Am
74.0,0.125
76.0,0.0625
72.0,0.3125
?F
69.0,0.0625
69.0,0.0625
72.0,0.0625
72.0,0.0625
72.0,0.125
72.0,0.0625
72.0,0.0625
?F
74.0,0.125
72.0,0.0625
72.0,0.3125
?Dm
76.0,0.0625
76.0,0.0625
76.0,0.0625
76.0,0.0625
79.0,0.0625
76.0,0.0625
74.0,0.0625
72.0,0.0625
?Dm
74.0,0.125
76.0,0.0625
72.0,0.3125
?G
69.0,0.125
72.0,0.0625
72.0,0.0625
72.0,0.0625
72.0,0.0625
72.0,0.0625
72.0,0.0625
?G#dim
74.0,0.125
72.0,0.0625
72.0,0.25
72.0,0.0625
?Am
79.0,0.125
79.0,0.0625
79.0,0.0625
83.0,0.125
81.0,0.0625
79.0,0.0625
?Am
79.0,0.125
81.0,0.0625
72.0,0.1875
72.0,0.0625
72.0,0.0625
?F
76.0,0.125
76.0,0.0625
76.0,0.0625
76.0,0.125
74.0,0.125
?F
74.0,0.125
72.0,0.125
72.0,0.25
?Dm
76.0,0.125
76.0,0.125
76.0,0.125
74.0,0.125
?Dm
74.0,0.125
76.0,0.0625
72.0,0.1875
72.0,0.125
?G
69.0,0.125
69.0,0.0625
69.0,0.0625
72.0,0.125
72.0,0.125
-
?G
74.0,0.125
74.0,0.125
74.0,0.125
74.0,0.125
?G
74.0,0.125
77.0,0.25
76.0,0.125
?C
76.0,0.125
72.0,0.25
69.0,0.125
?F
69.0,0.25
0.0,0.25
?G
74.0,0.125
74.0,0.125
74.0,0.125
74.0,0.125
?G
74.0,0.125
77.0,0.25
76.0,0.125
?C
76.0,0.125
72.0,0.125
69.0,0.125
74.0,0.125
?F
74.0,0.0625
72.0,0.0625
69.0,0.25
0.0,0.125
?G
74.0,0.125
74.0,0.125
74.0,0.125
74.0,0.125
?G#dim
74.0,0.125
77.0,0.25
76.0,0.125
?Am
76.0,0.125
72.0,0.25
69.0,0.125
?F
69.0,0.25
0.0,0.25
?Esus
71.0,0.125
71.0,0.25
71.0,0.125
?E
71.0,0.125
72.0,0.125
71.0,0.125
71.0,0.125
-
?C
60.0,0.5
?C
59.0,0.125
60.0,0.125
59.0,0.125
57.0,0.125
?Am
57.0,0.25
60.0,0.125
60.0,0.125
?Am
60.0,0.125
62.0,0.125
64.0,0.125
57.0,0.125
?Em
55.0,0.25
60.0,0.125
60.0,0.125
?Em
60.0,0.125
62.0,0.125
64.0,0.125
57.0,0.125
?G
55.0,0.5
?G
55.0,0.125
57.0,0.125
60.0,0.125
62.0,0.125
?C
60.0,0.5
?C
59.0,0.125
60.0,0.125
59.0,0.125
57.0,0.125
?Am
57.0,0.25
60.0,0.125
60.0,0.125
?Am
60.0,0.125
62.0,0.125
64.0,0.125
57.0,0.125
?Em
55.0,0.25
60.0,0.125
60.0,0.125
?Em
60.0,0.125
62.0,0.125
64.0,0.125
57.0,0.125
-
?Am
69.0,0.1875
71.0,0.1875
72.0,0.125
?G
71.0,0.1875
72.0,0.1875
74.0,0.125
?C
72.0,0.1875
74.0,0.1875
76.0,0.125
?C
79.0,0.25
76.0,0.125
74.0,0.125
?Am
69.0,0.1875
71.0,0.1875
72.0,0.125
?G
71.0,0.1875
72.0,0.1875
74.0,0.125
?Am
72.0,0.1875
74.0,0.1875
76.0,0.125
-
?C
88.0,0.5
?C
72.0,0.125
72.0,0.0625
72.0,0.125
72.0,0.0625
72.0,0.125
?C
71.0,0.0625
71.0,0.125
71.0,0.0625
71.0,0.125
71.0,0.0625
71.0,0.0625
?C
69.0,0.125
69.0,0.0625
69.0,0.125
69.0,0.0625
69.0,0.125
?G
88.0,0.5
?G
72.0,0.125
72.0,0.0625
72.0,0.125
72.0,0.0625
72.0,0.125
?G
71.0,0.0625
71.0,0.125
71.0,0.0625
71.0,0.125
71.0,0.0625
71.0,0.0625
?G
69.0,0.125
69.0,0.0625
69.0,0.125
69.0,0.0625
69.0,0.125
?C
88.0,0.5
?C
72.0,0.125
72.0,0.0625
72.0,0.125
72.0,0.0625
72.0,0.125
?C
71.0,0.0625
71.0,0.125
71.0,0.0625
71.0,0.125
71.0,0.0625
71.0,0.0625
?C
69.0,0.125
69.0,0.0625
69.0,0.125
69.0,0.0625
69.0,0.125
?G
76.0,0.375
74.0,0.125
?G
76.0,0.375
74.0,0.125
?G
76.0,0.125
79.0,0.125
76.0,0.25
-
?Am
64.0,0.125
65.0,0.125
67.0,0.125
64.0,0.125
?Am
64.0,0.125
62.0,0.125
0.0,0.125
60.0,0.125
?F
64.0,0.125
65.0,0.125
67.0,0.125
64.0,0.125
?F
64.0,0.125
62.0,0.125
0.0,0.125
60.0,0.125
?Am
69.0,0.125
69.0,0.125
67.0,0.125
67.0,0.125
?Am
65.0,0.25
64.0,0.25
?F
62.0,0.25
60.0,0.125
60.0,0.125
?C
60.0,0.25
0.0,0.125
60.0,0.125
?Am
64.0,0.125
65.0,0.125
67.0,0.125
64.0,0.125
?Am
64.0,0.125
62.0,0.125
0.0,0.125
60.0,0.125
?F
64.0,0.125
65.0,0.125
67.0,0.125
64.0,0.125
?F
64.0,0.125
62.0,0.125
0.0,0.125
60.0,0.125
?Am
69.0,0.125
69.0,0.125
67.0,0.125
67.0,0.125
?Am
65.0,0.25
64.0,0.25
?F
62.0,0.25
60.0,0.125
60.0,0.125
-
?Am
0.0,0.5
?Am
0.0,0.125
60.0,0.125
59.0,0.125
57.0,0.125
?F
64.0,0.25
62.0,0.125
60.0,0.0625
59.0,0.0625
?G
59.0,0.25
0.0,0.125
57.0,0.125
?Dm
64.0,0.25
62.0,0.125
60.0,0.0625
59.0,0.0625
?Dm
59.0,0.0625
57.0,0.1875
0.0,0.125
57.0,0.125
?F
64.0,0.25
62.0,0.125
60.0,0.0625
59.0,0.0625
?G
59.0,0.25
0.0,0.125
57.0,0.0625
57.0,0.0625
?F
57.0,0.125
57.0,0.0625
57.0,0.0625
57.0,0.125
57.0,0.0625
57.0,0.0625
-
?C
67.0,0.125
69.0,0.125
67.0,0.125
0.0,0.0625
62.0,0.0625
?C
67.0,0.125
69.0,0.125
67.0,0.125
0.0,0.125
?C
0.0,0.125
69.0,0.125
67.0,0.0625
67.0,0.0625
64.0,0.0625
64.0,0.0625
?Dm
67.0,0.125
69.0,0.125
67.0,0.125
0.0,0.0625
67.0,0.0625
?Am
67.0,0.125
69.0,0.125
67.0,0.125
0.0,0.0625
67.0,0.0625
?Am
67.0,0.125
69.0,0.125
67.0,0.125
64.0,0.125
?Am
0.0,0.125
67.0,0.125
67.0,0.0625
67.0,0.0625
64.0,0.0625
64.0,0.0625
-
?C
67.0,0.125
64.0,0.125
62.0,0.125
59.0,0.125
?C
62.0,0.125
59.0,0.0625
64.0,0.1875
57.0,0.0625
57.0,0.0625
?G
57.0,0.0625
57.0,0.0625
55.0,0.0625
55.0,0.0625
57.0,0.0625
55.0,0.0625
57.0,0.0625
55.0,0.0625
?F
60.0,0.125
55.0,0.125
55.0,0.125
0.0,0.125
?C
67.0,0.125
64.0,0.125
62.0,0.125
62.0,0.0625
59.0,0.0625
?C
62.0,0.125
59.0,0.0625
64.0,0.1875
62.0,0.125
?D
62.0,0.0625
62.0,0.0625
62.0,0.125
62.0,0.125
62.0,0.0625
59.0,0.0625
-
?Am
64.0,0.25
0.0,0.25
?Am
71.0,0.125
72.0,0.25
64.0,0.125
?E
64.0,0.25
62.0,0.25
?E
60.0,0.125
62.0,0.25
64.0,0.125
?C
64.0,0.25
0.0,0.1875
64.0,0.0625
?C
71.0,0.125
72.0,0.25
64.0,0.125
?Am
64.0,0.25
62.0,0.25
-
?F
0.0,0.25
79.0,0.25
?F
0.0,0.25
77.0,0.25
?F
0.0,0.25
76.0,0.25
?F
72.0,0.125
74.0,0.125
76.0,0.125
77.0,0.125
?Am
76.0,0.125
72.0,0.125
72.0,0.125
72.0,0.125
?Am
76.0,0.125
76.0,0.125
74.0,0.125
74.0,0.125
?Am
76.0,0.125
76.0,0.125
74.0,0.125
74.0,0.125
?Am
72.0,0.125
74.0,0.125
72.0,0.125
79.0,0.125
?F
76.0,0.25
79.0,0.25
?F
0.0,0.25
77.0,0.25
?F
76.0,0.25
76.0,0.125
76.0,0.125
?F
72.0,0.125
74.0,0.125
76.0,0.125
77.0,0.125
?Am
76.0,0.125
72.0,0.125
72.0,0.125
72.0,0.125
?Am
76.0,0.125
76.0,0.125
74.0,0.125
74.0,0.125
?Am
76.0,0.125
76.0,0.125
72.0,0.125
76.0,0.125
-
?G
55.0,0.125
53.0,0.125
55.0,0.125
53.0,0.125
?G
55.0,0.125
53.0,0.125
55.0,0.125
53.0,0.125
?G
55.0,0.125
55.0,0.125
53.0,0.125
57.0,0.125
?G
53.0,0.125
52.0,0.125
0.0,0.125
63.0,0.125
?F
63.0,0.125
51.0,0.125
50.0,0.125
51.0,0.125
?F
50.0,0.125
48.0,0.25
0.0,0.125
?F
0.0,0.25
50.0,0.125
51.0,0.125
?F
50.0,0.125
48.0,0.125
0.0,0.125
63.0,0.125
?C
60.0,0.25
0.0,0.25
?Bdim
0.0,0.5
?C
0.0,0.25
51.0,0.125
51.0,0.125
?Bdim
50.0,0.125
48.0,0.125
0.0,0.125
63.0,0.125
-
?F
72.0,0.375
72.0,0.125
?F
72.0,0.375
72.0,0.125
?F
72.0,0.25
0.0,0.125
69.0,0.125
?F
69.0,0.125
67.0,0.125
69.0,0.125
69.0,0.125
?Am
74.0,0.25
72.0,0.25
?Am
69.0,0.125
67.0,0.125
69.0,0.125
72.0,0.125
?Am
74.0,0.25
72.0,0.25
?Am
69.0,0.125
67.0,0.125
69.0,0.25
?F
81.0,0.25
79.0,0.125
79.0,0.125
?F
76.0,0.25
74.0,0.25
?F
72.0,0.25
74.0,0.125
69.0,0.125
?F
69.0,0.125
0.0,0.125
69.0,0.125
69.0,0.125
?Am
72.0,0.375
72.0,0.125
?Am
72.0,0.375
72.0,0.125
-
?C
0.0,0.5
?C
0.0,0.0625
67.0,0.0625
67.0,0.0625
69.0,0.0625
71.0,0.0625
69.0,0.0625
67.0,0.125
?G
62.0,0.125
62.0,0.125
67.0,0.125
67.0,0.125
?G
71.0,0.0625
71.0,0.0625
71.0,0.0625
71.0,0.0625
67.0,0.125
67.0,0.125
?G
62.0,0.125
62.0,0.125
67.0,0.125
67.0,0.125
?G
71.0,0.0625
71.0,0.0625
71.0,0.0625
71.0,0.0625
67.0,0.125
67.0,0.125
?F
65.0,0.0625
64.0,0.125
65.0,0.1875
0.0,0.125
?F
0.0,0.3125
65.0,0.0625
65.0,0.0625
65.0,0.0625
?C
64.0,0.0625
64.0,0.0625
64.0,0.125
64.0,0.0625
62.0,0.125
60.0,0.0625
?C
60.0,0.0625
67.0,0.0625
67.0,0.0625
69.0,0.0625
71.0,0.0625
69.0,0.0625
67.0,0.125
?G
62.0,0.125
62.0,0.125
67.0,0.125
67.0,0.125
?G
71.0,0.0625
71.0,0.0625
71.0,0.0625
71.0,0.0625
67.0,0.125
67.0,0.125
?G
62.0,0.125
62.0,0.125
67.0,0.125
67.0,0.125
?G
71.0,0.0625
71.0,0.0625
71.0,0.0625
71.0,0.0625
67.0,0.125
67.0,0.125
?F
69.0,0.0625
67.0,0.125
69.0,0.3125
?F
0.0,0.3125
65.0,0.0625
65.0,0.125
-
?F
60.0,0.125
60.0,0.125
60.0,0.125
60.0,0.125
?F
60.0,0.125
59.0,0.125
59.0,0.125
59.0,0.125
?G
59.0,0.125
57.0,0.125
57.0,0.25
?G
57.0,0.25
55.0,0.25
?C
55.0,0.25
57.0,0.25
?C
52.0,0.25
55.0,0.125
57.0,0.125
?Am
55.0,0.25
57.0,0.125
52.0,0.125
?Am
52.0,0.125
52.0,0.125
57.0,0.125
59.0,0.125
?F
60.0,0.125
60.0,0.125
60.0,0.125
60.0,0.125
?F
60.0,0.125
59.0,0.125
59.0,0.125
59.0,0.125
?G
59.0,0.125
57.0,0.125
57.0,0.25
?G
57.0,0.25
55.0,0.125
55.0,0.125
?C
55.0,0.25
57.0,0.25
?G
52.0,0.25
55.0,0.125
57.0,0.125
?Am
55.0,0.25
57.0,0.25
-
?C
0.0,0.5
?Am
0.0,0.25
69.0,0.125
72.0,0.125
?F
74.0,0.125
72.0,0.0625
69.0,0.125
0.0,0.1875
?Dm
0.0,0.25
69.0,0.125
69.0,0.125
?G
76.0,0.125
74.0,0.125
72.0,0.125
71.0,0.0625
69.0,0.0625
?Dm
69.0,0.3125
0.0,0.1875
?F
69.0,0.125
72.0,0.25
74.0,0.0625
72.0,0.0625
?Dm
69.0,0.1875
0.0,0.0625
69.0,0.0625
69.0,0.0625
69.0,0.125
?G
76.0,0.125
74.0,0.25
72.0,0.0625
71.0,0.0625
?Dm
71.0,0.125
69.0,0.25
0.0,0.125
?G
0.0,0.125
76.0,0.25
74.0,0.125
?Dm
74.0,0.125
72.0,0.125
0.0,0.125
69.0,0.125
?G
76.0,0.125
74.0,0.1875
72.0,0.1875
?Dm
71.0,0.125
69.0,0.125
0.0,0.1875
69.0,0.0625
?Am7
72.0,0.25
76.0,0.25
?Am7
77.0,0.25
76.0,0.125
72.0,0.0625
67.0,0.0625
?Am7
67.0,0.0625
69.0,0.4375
-
?Gsus
0.0,0.125
60.0,0.0625
60.0,0.0625
60.0,0.125
60.0,0.125
?Gsus
60.0,0.125
60.0,0.125
60.0,0.125
60.0,0.0625
59.0,0.0625
?G
59.0,0.0625
0.0,0.0625
59.0,0.125
59.0,0.125
59.0,0.125
?G
59.0,0.125
59.0,0.125
59.0,0.125
59.0,0.0625
60.0,0.0625
?Gsus
60.0,0.125
60.0,0.0625
60.0,0.0625
60.0,0.125
60.0,0.125
?Gsus
60.0,0.125
60.0,0.125
59.0,0.125
60.0,0.125
?G
62.0,0.25
57.0,0.125
55.0,0.125
?G
55.0,0.25
59.0,0.25
?Gsus
0.0,0.125
60.0,0.0625
60.0,0.0625
60.0,0.125
60.0,0.125
?Gsus
60.0,0.125
60.0,0.125
60.0,0.125
60.0,0.0625
59.0,0.0625
?G
59.0,0.0625
0.0,0.0625
59.0,0.0625
59.0,0.0625
59.0,0.125
59.0,0.125
?G
59.0,0.125
59.0,0.125
59.0,0.125
59.0,0.0625
60.0,0.0625
?Gsus
60.0,0.125
60.0,0.0625
60.0,0.0625
60.0,0.125
60.0,0.125
?Gsus
60.0,0.125
57.0,0.125
60.0,0.125
62.0,0.125
-
?Am
69.0,0.25
76.0,0.1875
74.0,0.0625
?F
72.0,0.5
?C
67.0,0.25
72.0,0.25
?G
74.0,0.25
72.0,0.25
?Am
69.0,0.1875
69.0,0.0625
76.0,0.1875
74.0,0.0625
?F
72.0,0.5
?G
74.0,0.25
72.0,0.1875
71.0,0.0625
?Am
69.0,0.5
?Am
69.0,0.25
76.0,0.1875
74.0,0.0625
?F
72.0,0.5
?C
67.0,0.25
72.0,0.25
?G
74.0,0.25
72.0,0.25
?Am
69.0,0.1875
69.0,0.0625
76.0,0.1875
74.0,0.0625
?F
72.0,0.5
?Em
74.0,0.1875
74.0,0.0625
72.0,0.1875
71.0,0.0625
-
?Am
0.0,0.5
?Am
0.0,0.25
52.0,0.25
?Am
57.0,0.25
59.0,0.125
60.0,0.125
?Am
60.0,0.125
60.0,0.375
?F
0.0,0.5
?F
0.0,0.125
53.0,0.125
53.0,0.25
?F
59.0,0.375
57.0,0.125
?F
59.0,0.125
60.0,0.375
?Am
0.0,0.5
?Am
0.0,0.125
57.0,0.125
57.0,0.125
57.0,0.125
?Am
57.0,0.25
59.0,0.25
?Am
60.0,0.25
64.0,0.1875
65.0,0.0625
?F
64.0,0.25
62.0,0.25
?Csus
0.0,0.25
62.0,0.125
60.0,0.125
?Fm
59.0,0.25
59.0,0.25
-
?C
0.0,0.25
60.0,0.125
62.0,0.125
?C
62.0,0.125
60.0,0.125
64.0,0.25
?G
0.0,0.25
59.0,0.125
67.0,0.125
?G
67.0,0.125
64.0,0.375
?Am
0.0,0.25
60.0,0.125
62.0,0.125
?Am
62.0,0.125
60.0,0.125
64.0,0.25
?F
0.0,0.25
60.0,0.125
67.0,0.125
?F
67.0,0.125
64.0,0.375
?C
60.0,0.125
60.0,0.0625
60.0,0.125
60.0,0.0625
60.0,0.125
?C
62.0,0.25
60.0,0.25
?G
62.0,0.125
62.0,0.0625
62.0,0.125
62.0,0.0625
62.0,0.125
?G
64.0,0.125
60.0,0.125
62.0,0.25
?Am
64.0,0.125
64.0,0.0625
64.0,0.125
60.0,0.0625
60.0,0.125
?Am
57.0,0.1875
57.0,0.0625
55.0,0.125
55.0,0.125
?F
0.0,0.125
64.0,0.125
60.0,0.125
57.0,0.125
?F
57.0,0.125
60.0,0.125
60.0,0.25
?C
60.0,0.125
60.0,0.0625
60.0,0.125
60.0,0.0625
60.0,0.125
?C
0.0,0.125
62.0,0.125
60.0,0.25
?G
62.0,0.125
62.0,0.0625
62.0,0.125
62.0,0.0625
62.0,0.125
?G
64.0,0.125
60.0,0.125
62.0,0.25
?Am
64.0,0.125
64.0,0.0625
64.0,0.125
60.0,0.0625
60.0,0.125
?Am
57.0,0.1875
57.0,0.0625
57.0,0.125
55.0,0.125
?F
0.0,0.125
64.0,0.125
60.0,0.125
57.0,0.125
-
?Dm
77.0,0.25
76.0,0.1875
74.0,0.0625
?Dm
74.0,0.1875
74.0,0.0625
76.0,0.0625
77.0,0.125
76.0,0.0625
?E
76.0,0.0625
71.0,0.4375
?E
0.0,0.1875
76.0,0.0625
74.0,0.0625
72.0,0.125
74.0,0.0625
?Am
74.0,0.0625
72.0,0.25
71.0,0.0625
69.0,0.125
?Am
0.0,0.375
69.0,0.0625
69.0,0.0625
?Am
74.0,0.0625
72.0,0.125
69.0,0.125
69.0,0.125
72.0,0.0625
?F
72.0,0.0625
72.0,0.125
69.0,0.125
69.0,0.1875
?Dm
77.0,0.25
76.0,0.1875
74.0,0.0625
?Dm
74.0,0.25
0.0,0.1875
69.0,0.0625
?E
72.0,0.0625
71.0,0.125
69.0,0.0625
72.0,0.125
71.0,0.125
-
?F
0.0,0.5
?F
57.0,0.25
55.0,0.25
?C
52.0,0.25
52.0,0.125
55.0,0.125
?C
55.0,0.25
57.0,0.125
59.0,0.125
?G
59.0,0.5
?G
59.0,0.5
?Am
59.0,0.5
?Am
57.0,0.5
?F
0.0,0.5
?F
55.0,0.125
57.0,0.125
55.0,0.125
52.0,0.125
?C
52.0,0.25
52.0,0.125
55.0,0.125
?C
55.0,0.25
57.0,0.25
?G
59.0,0.5
?G
59.0,0.5
-
?Am
0.0,0.125
76.0,0.125
76.0,0.125
76.0,0.125
?G
76.0,0.125
74.0,0.125
72.0,0.125
74.0,0.125
?C
76.0,0.1875
67.0,0.1875
69.0,0.125
?F
69.0,0.25
72.0,0.125
74.0,0.125
?Am
72.0,0.375
69.0,0.125
?G
69.0,0.25
72.0,0.125
74.0,0.125
?C
72.0,0.375
69.0,0.125
?F
69.0,0.25
0.0,0.25
?Am
0.0,0.125
76.0,0.125
76.0,0.125
76.0,0.125
?G
76.0,0.125
74.0,0.125
72.0,0.125
74.0,0.125
?C
76.0,0.1875
67.0,0.1875
69.0,0.125
?F
69.0,0.25
72.0,0.125
74.0,0.125
?Am
72.0,0.375
69.0,0.125
?G
69.0,0.25
72.0,0.125
74.0,0.125
-
?Dm
57.0,0.25
60.0,0.25
?Dm
62.0,0.25
60.0,0.25
?F
57.0,0.25
60.0,0.25
?F
62.0,0.25
60.0,0.25
?C
55.0,0.25
60.0,0.25
?C
62.0,0.125
62.0,0.125
60.0,0.25
?G
62.0,0.25
62.0,0.125
64.0,0.125
-
?F
0.0,0.3125
57.0,0.0625
60.0,0.0625
60.0,0.0625
?F
60.0,0.0625
60.0,0.0625
60.0,0.0625
57.0,0.0625
62.0,0.125
57.0,0.0625
57.0,0.0625
?G
57.0,0.0625
0.0,0.3125
60.0,0.0625
60.0,0.0625
?G
60.0,0.0625
60.0,0.0625
60.0,0.0625
57.0,0.0625
62.0,0.125
57.0,0.0625
57.0,0.0625
?Am
57.0,0.0625
0.0,0.1875
60.0,0.0625
60.0,0.0625
60.0,0.125
?Am
60.0,0.125
57.0,0.0625
60.0,0.125
57.0,0.125
60.0,0.0625
?Am
60.0,0.125
57.0,0.125
0.0,0.25
-
?Am
57.0,0.25
0.0,0.25
?Am
0.0,0.25
57.0,0.125
55.0,0.125
?Em
57.0,0.125
52.0,0.25
0.0,0.125
?Em
0.0,0.375
55.0,0.125
?F
57.0,0.125
55.0,0.125
57.0,0.125
55.0,0.0625
57.0,0.0625
?F
57.0,0.0625
55.0,0.1875
57.0,0.125
55.0,0.125
?G
57.0,0.125
55.0,0.125
57.0,0.0625
59.0,0.1875
?Gsus
60.0,0.25
59.0,0.25
?Am
57.0,0.25
0.0,0.25
?Am
0.0,0.25
57.0,0.125
55.0,0.125
?Em
57.0,0.125
52.0,0.25
0.0,0.125
?Em
0.0,0.375
55.0,0.125
?F
57.0,0.125
55.0,0.125
57.0,0.125
55.0,0.0625
57.0,0.0625
?F
57.0,0.0625
55.0,0.1875
57.0,0.125
55.0,0.125
?G
57.0,0.125
55.0,0.125
57.0,0.125
59.0,0.125
?Gsus
60.0,0.25
59.0,0.25
?Am
57.0,0.125
57.0,0.0625
57.0,0.125
55.0,0.0625
57.0,0.125
?Am
57.0,0.125
0.0,0.3125
57.0,0.0625
?Em
59.0,0.125
59.0,0.0625
59.0,0.125
60.0,0.0625
62.0,0.125
?G
62.0,0.25
0.0,0.125
59.0,0.125
?C
60.0,0.125
57.0,0.125
60.0,0.125
57.0,0.125
?C
60.0,0.125
57.0,0.125
60.0,0.125
57.0,0.125
?E
64.0,0.25
64.0,0.25
-
?Am
69.0,0.5
?G
69.0,0.125
67.0,0.375
?C
64.0,0.5
?C
0.0,0.375
60.0,0.125
?Am
69.0,0.375
67.0,0.125
?G
64.0,0.25
0.0,0.0625
64.0,0.0625
64.0,0.0625
0.0,0.0625
?C
69.0,0.1875
67.0,0.1875
69.0,0.125
-
?F
72.0,0.25
69.0,0.25
?F
0.0,0.125
69.0,0.125
64.0,0.125
67.0,0.125
?Em
67.0,0.25
69.0,0.125
64.0,0.0625
62.0,0.0625
?Am
60.0,0.375
0.0,0.125
?F
72.0,0.25
69.0,0.25
?F
0.0,0.125
69.0,0.125
64.0,0.125
67.0,0.125
?Em
67.0,0.25
69.0,0.125
64.0,0.0625
62.0,0.0625
?Am
60.0,0.375
0.0,0.125
?F
72.0,0.25
69.0,0.25
?F
69.0,0.125
0.0,0.125
69.0,0.125
72.0,0.125
?Fm
72.0,0.125
67.0,0.25
72.0,0.125
-
?G
0.0,0.125
62.0,0.1875
62.0,0.1875
?Adim
63.0,0.1875
62.0,0.1875
60.0,0.125
?C
0.0,0.125
60.0,0.1875
55.0,0.1875
?F
57.0,0.1875
60.0,0.1875
57.0,0.125
?G
0.0,0.125
62.0,0.125
62.0,0.0625
62.0,0.1875
?Adim
63.0,0.125
63.0,0.0625
62.0,0.125
60.0,0.1875
-
?F
0.0,0.375
72.0,0.125
?F
72.0,0.125
69.0,0.25
0.0,0.125
?Am
0.0,0.25
72.0,0.125
72.0,0.125
?C
72.0,0.125
72.0,0.25
72.0,0.125
?F
72.0,0.25
72.0,0.125
72.0,0.125
?F
72.0,0.125
72.0,0.25
67.0,0.125
?Am
72.0,0.125
74.0,0.125
76.0,0.125
77.0,0.125
?C
76.0,0.25
74.0,0.125
74.0,0.125
?F
72.0,0.125
0.0,0.25
72.0,0.125
?F
72.0,0.125
69.0,0.25
0.0,0.125
?Am
0.0,0.25
72.0,0.125
72.0,0.125
?G
72.0,0.125
72.0,0.25
72.0,0.125
?Em
71.0,0.375
72.0,0.125
?F
72.0,0.375
67.0,0.125
?F
76.0,0.1875
74.0,0.1875
72.0,0.125
-
?Em
64.0,0.125
62.0,0.125
60.0,0.125
59.0,0.125
?Em
59.0,0.125
55.0,0.125
67.0,0.125
65.0,0.125
?Em
64.0,0.125
60.0,0.375
?Em
60.0,0.125
0.0,0.125
60.0,0.125
62.0,0.125
?Em
64.0,0.125
62.0,0.125
60.0,0.125
59.0,0.125
?Em
59.0,0.125
55.0,0.125
67.0,0.125
65.0,0.125
?Em
64.0,0.125
60.0,0.375
-
?C
0.0,0.5
?C
0.0,0.0625
67.0,0.0625
67.0,0.0625
69.0,0.0625
71.0,0.0625
69.0,0.0625
67.0,0.125
?G
62.0,0.125
62.0,0.125
67.0,0.125
67.0,0.125
?G
71.0,0.0625
71.0,0.0625
71.0,0.0625
71.0,0.0625
67.0,0.125
67.0,0.125
?G
62.0,0.125
62.0,0.125
67.0,0.125
67.0,0.125
?G
71.0,0.0625
71.0,0.0625
71.0,0.0625
71.0,0.0625
67.0,0.125
67.0,0.125
?F
65.0,0.0625
64.0,0.125
65.0,0.1875
0.0,0.125
?F
0.0,0.3125
65.0,0.0625
65.0,0.0625
65.0,0.0625
?C
64.0,0.0625
64.0,0.0625
64.0,0.125
64.0,0.0625
62.0,0.125
60.0,0.0625
?C
60.0,0.0625
67.0,0.0625
67.0,0.0625
69.0,0.0625
71.0,0.0625
69.0,0.0625
67.0,0.125
?G
62.0,0.125
62.0,0.125
67.0,0.125
67.0,0.125
?G
71.0,0.0625
71.0,0.0625
71.0,0.0625
71.0,0.0625
67.0,0.125
67.0,0.125
?G
62.0,0.125
62.0,0.125
67.0,0.125
67.0,0.125
?G
71.0,0.0625
71.0,0.0625
71.0,0.0625
71.0,0.0625
67.0,0.125
67.0,0.125
?F
69.0,0.0625
67.0,0.125
69.0,0.3125
?F
0.0,0.3125
65.0,0.0625
65.0,0.125
-
?F
60.0,0.125
60.0,0.125
60.0,0.125
60.0,0.125
?F
60.0,0.125
59.0,0.125
59.0,0.125
59.0,0.125
?G
59.0,0.125
57.0,0.125
57.0,0.25
?G
57.0,0.25
55.0,0.25
?C
55.0,0.25
57.0,0.25
?C
52.0,0.25
55.0,0.125
57.0,0.125
?Am
55.0,0.25
57.0,0.125
52.0,0.125
?Am
52.0,0.125
52.0,0.125
57.0,0.125
59.0,0.125
?F
60.0,0.125
60.0,0.125
60.0,0.125
60.0,0.125
?F
60.0,0.125
59.0,0.125
59.0,0.125
59.0,0.125
?G
59.0,0.125
57.0,0.125
57.0,0.25
?G
57.0,0.25
55.0,0.125
55.0,0.125
?C
55.0,0.25
57.0,0.25
?G
52.0,0.25
55.0,0.125
57.0,0.125
?Am
55.0,0.25
57.0,0.25
-
?C
60.0,0.1875
60.0,0.1875
60.0,0.125
?C
59.0,0.1875
59.0,0.1875
59.0,0.125
?C
57.0,0.1875
57.0,0.1875
57.0,0.125
?C
55.0,0.25
52.0,0.125
55.0,0.125
?Dm
53.0,0.5
?Dm
53.0,0.5
0.0,0.5
?Dm
0.0,0.25
55.0,0.125
57.0,0.125
?Dm
59.0,0.1875
59.0,0.1875
59.0,0.125
?G
57.0,0.1875
57.0,0.1875
57.0,0.125
?G
55.0,0.1875
55.0,0.1875
55.0,0.125
?G
53.0,0.25
50.0,0.125
53.0,0.125
?G
52.0,0.5
?C
52.0,0.5
0.0,0.5
?C
0.0,0.125
55.0,0.125
57.0,0.125
59.0,0.125
?C
60.0,0.1875
60.0,0.1875
60.0,0.125
?C
59.0,0.1875
59.0,0.1875
59.0,0.125
?C
57.0,0.1875
57.0,0.1875
57.0,0.125
?C
55.0,0.25
52.0,0.125
55.0,0.125
?C
53.0,0.4375
52.0,0.0625
?C
50.0,0.5
?Dm
0.0,0.5
?Dm
0.0,0.25
55.0,0.125
57.0,0.125
?Dm
59.0,0.1875
59.0,0.1875
59.0,0.125
?Dm
57.0,0.1875
57.0,0.1875
57.0,0.125
?G
55.0,0.1875
55.0,0.1875
55.0,0.125
?G
53.0,0.25
53.0,0.125
53.0,0.125
-
?G#dim
64.0,0.25
64.0,0.25
?G#dim
64.0,0.25
60.0,0.125
62.0,0.125
?G#dim
62.0,0.375
64.0,0.125
?G#dim
62.0,0.125
60.0,0.125
62.0,0.125
60.0,0.125
?Dm7
55.0,0.5
?Dm7
55.0,0.25
62.0,0.125
69.0,0.125
?Dm7
69.0,0.125
69.0,0.25
66.0,0.125
?Dm7
62.0,0.125
60.0,0.125
62.0,0.125
60.0,0.125
?F
60.0,0.375
62.0,0.125
?F
62.0,0.125
64.0,0.25
67.0,0.125
?G
67.0,0.125
0.0,0.375
-
?G
62.0,0.5
?G
62.0,0.25
60.0,0.125
62.0,0.125
?C
64.0,0.25
62.0,0.25
?F
60.0,0.25
57.0,0.25
?G
62.0,0.5
?G
62.0,0.25
0.0,0.125
60.0,0.125
?G
62.0,0.5
?G
62.0,0.25
0.0,0.125
60.0,0.125
?C
64.0,0.0625
64.0,0.125
64.0,0.1875
62.0,0.125
?F
60.0,0.1875
57.0,0.0625
57.0,0.0625
55.0,0.1875
-
?Am
64.0,0.125
62.0,0.0625
60.0,0.0625
60.0,0.1875
55.0,0.0625
?G
64.0,0.125
62.0,0.0625
60.0,0.0625
60.0,0.25
?Am
64.0,0.125
62.0,0.0625
60.0,0.0625
60.0,0.1875
55.0,0.0625
?Am
64.0,0.125
62.0,0.0625
60.0,0.0625
60.0,0.1875
55.0,0.0625
?Am
64.0,0.125
62.0,0.0625
60.0,0.0625
60.0,0.1875
55.0,0.0625
?Am
64.0,0.125
62.0,0.0625
60.0,0.0625
60.0,0.125
55.0,0.0625
62.0,0.0625
?G
62.0,0.125
57.0,0.0625
55.0,0.3125
-
?Am
69.0,0.5
?Am
72.0,0.125
72.0,0.125
72.0,0.125
72.0,0.125
?Em
71.0,0.125
71.0,0.125
71.0,0.125
71.0,0.125
?Em
71.0,0.125
71.0,0.125
71.0,0.125
71.0,0.125
?Am
69.0,0.5
?Am
72.0,0.25
72.0,0.25
?C
72.0,0.125
72.0,0.125
72.0,0.125
72.0,0.125
?G
71.0,0.125
71.0,0.125
71.0,0.125
71.0,0.125
?Am
72.0,0.5
?Am
72.0,0.125
72.0,0.125
72.0,0.125
72.0,0.125
?Em
71.0,0.125
71.0,0.125
71.0,0.125
71.0,0.125
?Em
71.0,0.125
71.0,0.125
71.0,0.125
71.0,0.125
?Am
69.0,0.5
?Am
72.0,0.125
72.0,0.125
72.0,0.125
72.0,0.125
?C
72.0,0.125
72.0,0.125
72.0,0.125
76.0,0.125
-
?Am
62.0,0.375
60.0,0.125
?Am
60.0,0.5
0.0,0.5
?Am
0.0,0.5
?Am
0.0,0.375
60.0,0.125
?Dm
67.0,0.25
64.0,0.125
65.0,0.125
?Dm
65.0,0.125
64.0,0.25
62.0,0.125
?G
62.0,0.125
60.0,0.25
60.0,0.125
?G
60.0,0.125
62.0,0.125
64.0,0.25
?Am
64.0,0.5
0.0,0.5
?Am
0.0,0.5
?Dm
0.0,0.375
60.0,0.125
?Dm
60.0,0.25
60.0,0.125
69.0,0.125
?F
69.0,0.125
67.0,0.25
64.0,0.125
-
?Am
0.0,0.125
69.0,0.125
69.0,0.125
69.0,0.125
?Am
69.0,0.125
67.0,0.125
67.0,0.125
64.0,0.125
?G
64.0,0.125
67.0,0.125
64.0,0.125
62.0,0.125
?G
62.0,0.125
64.0,0.125
0.0,0.25
?G
0.0,0.125
69.0,0.125
69.0,0.125
69.0,0.125
?G
69.0,0.125
67.0,0.125
67.0,0.125
69.0,0.125
?Am
72.0,0.125
69.0,0.125
72.0,0.25
?Am
69.0,0.125
0.0,0.375
?Am
0.0,0.125
69.0,0.125
69.0,0.125
69.0,0.125
?Am
69.0,0.125
67.0,0.125
67.0,0.125
64.0,0.125
?G
64.0,0.125
67.0,0.125
64.0,0.125
62.0,0.125
?G
62.0,0.125
64.0,0.125
0.0,0.25
?G
0.0,0.125
69.0,0.125
69.0,0.125
69.0,0.125
?G
69.0,0.125
67.0,0.125
67.0,0.125
69.0,0.125
?Am
72.0,0.125
69.0,0.125
72.0,0.25
?Am
69.0,0.125
0.0,0.125
67.0,0.125
69.0,0.125
?Am
72.0,0.25
69.0,0.25
?Am
67.0,0.25
69.0,0.25
?G
64.0,0.125
67.0,0.125
64.0,0.125
62.0,0.125
?G
62.0,0.125
64.0,0.125
0.0,0.25
?G
72.0,0.25
69.0,0.25
?G
67.0,0.25
69.0,0.25
?Am
64.0,0.125
67.0,0.125
64.0,0.125
62.0,0.125
?Am
62.0,0.125
60.0,0.125
0.0,0.25
?Am
72.0,0.25
69.0,0.25
?Am
67.0,0.125
0.0,0.125
67.0,0.125
69.0,0.125
?G
72.0,0.125
69.0,0.125
72.0,0.25
-
?Am
0.0,0.125
64.0,0.125
64.0,0.125
60.0,0.125
?Am
60.0,0.125
57.0,0.125
57.0,0.25
?G
0.0,0.125
62.0,0.125
62.0,0.125
59.0,0.125
?G
59.0,0.1875
55.0,0.0625
55.0,0.25
?Em7
62.0,0.1875
62.0,0.1875
60.0,0.125
?Em7
60.0,0.1875
62.0,0.1875
62.0,0.125
?C
60.0,0.375
0.0,0.125
?C
0.0,0.5
?Am
0.0,0.125
64.0,0.125
64.0,0.125
60.0,0.125
?Am
60.0,0.1875
57.0,0.0625
57.0,0.25
?G
0.0,0.125
62.0,0.125
62.0,0.1875
59.0,0.0625
?G
59.0,0.1875
55.0,0.0625
55.0,0.25
?Em7
62.0,0.1875
62.0,0.1875
60.0,0.125
?Em7
60.0,0.1875
62.0,0.1875
62.0,0.125
-
?Am7
57.0,0.25
60.0,0.25
?Am7
62.0,0.25
64.0,0.125
57.0,0.125
?Am7
57.0,0.125
60.0,0.25
62.0,0.125
?Am7
62.0,0.125
64.0,0.125
0.0,0.125
55.0,0.125
?G
55.0,0.25
60.0,0.25
?G
62.0,0.25
64.0,0.125
62.0,0.125
?G
62.0,0.25
59.0,0.125
57.0,0.125
?G
55.0,0.5
?C
57.0,0.25
60.0,0.25
?C
62.0,0.25
64.0,0.125
55.0,0.125
?C
55.0,0.25
60.0,0.125
62.0,0.125
?C
62.0,0.125
0.0,0.125
64.0,0.125
67.0,0.125
?C
69.0,0.375
71.0,0.125
?C
69.0,0.125
67.0,0.25
64.0,0.125
?C
64.0,0.375
62.0,0.125
?C
64.0,0.25
64.0,0.125
62.0,0.125
?G
64.0,0.125
62.0,0.375
?G
62.0,0.5
?G
62.0,0.5
?G
62.0,0.125
64.0,0.125
67.0,0.125
69.0,0.125
?C
69.0,0.25
71.0,0.125
69.0,0.125
?C
69.0,0.125
67.0,0.25
64.0,0.125
?C
64.0,0.375
62.0,0.125
?C
64.0,0.25
64.0,0.125
62.0,0.125
?G
64.0,0.125
62.0,0.375
?G
62.0,0.5
?G
62.0,0.5
-
?F
69.0,0.0625
67.0,0.125
69.0,0.125
67.0,0.125
69.0,0.0625
?F
69.0,0.125
72.0,0.25
69.0,0.125
?Am
72.0,0.125
69.0,0.0625
69.0,0.125
67.0,0.0625
69.0,0.0625
67.0,0.0625
?Am
64.0,0.1875
0.0,0.1875
67.0,0.125
?F
69.0,0.0625
69.0,0.0625
69.0,0.25
69.0,0.0625
67.0,0.0625
?F
69.0,0.125
71.0,0.25
69.0,0.0625
67.0,0.0625
?Am
64.0,0.375
76.0,0.125
?Am
76.0,0.1875
74.0,0.0625
72.0,0.125
67.0,0.125
?F
69.0,0.0625
67.0,0.125
69.0,0.125
67.0,0.125
69.0,0.0625
?F
69.0,0.125
72.0,0.25
69.0,0.125
?Am
72.0,0.125
69.0,0.0625
69.0,0.125
67.0,0.0625
69.0,0.0625
67.0,0.0625
?Am
64.0,0.1875
0.0,0.1875
67.0,0.125
?F
65.0,0.125
65.0,0.0625
65.0,0.125
67.0,0.0625
69.0,0.125
?F
69.0,0.375
69.0,0.125
-
?Am
0.0,0.125
72.0,0.25
71.0,0.125
?Am
72.0,0.125
71.0,0.125
69.0,0.25
?G
0.0,0.125
72.0,0.25
71.0,0.125
?G
72.0,0.125
71.0,0.125
69.0,0.125
69.0,0.125
?F
69.0,0.125
67.0,0.125
65.0,0.25
?F
65.0,0.5
?F
65.0,0.25
0.0,0.25
?F
69.0,0.125
71.0,0.375
?Am
0.0,0.125
72.0,0.25
71.0,0.125
?Am
72.0,0.125
71.0,0.125
69.0,0.25
?G
0.0,0.125
72.0,0.25
71.0,0.125
?G
72.0,0.125
71.0,0.125
69.0,0.125
69.0,0.125
?F
69.0,0.125
67.0,0.125
65.0,0.25
?F
65.0,0.5
?F
65.0,0.25
0.0,0.25
?F
69.0,0.125
71.0,0.375
?Am
0.0,0.25
72.0,0.125
72.0,0.125
?Am
72.0,0.25
72.0,0.125
74.0,0.125
?G
74.0,0.25
74.0,0.125
74.0,0.125
?G
74.0,0.25
76.0,0.125
72.0,0.125
?F
72.0,0.125
67.0,0.125
69.0,0.25
?F
69.0,0.5
?F
69.0,0.5
?F
69.0,0.5
?Dm
69.0,0.5
?Dm
69.0,0.5
?Dm
0.0,0.375
62.0,0.125
?Dm
69.0,0.125
67.0,0.125
65.0,0.125
67.0,0.125
?Bdim
67.0,0.125
65.0,0.125
62.0,0.25
?Bdim
62.0,0.5
?Bdim
62.0,0.25
0.0,0.25
?Bdim
62.0,0.125
62.0,0.25
60.0,0.125
-
?C
0.0,0.5
?C
0.0,0.125
72.0,0.125
72.0,0.125
72.0,0.125
?C
76.0,0.125
72.0,0.25
76.0,0.125
?C
72.0,0.25
0.0,0.125
72.0,0.125
?G
71.0,0.1875
71.0,0.1875
69.0,0.125
?F
69.0,0.125
72.0,0.125
72.0,0.125
72.0,0.125
?Am
72.0,0.125
69.0,0.25
72.0,0.125
?Am
69.0,0.25
0.0,0.125
72.0,0.125
?Em
71.0,0.1875
71.0,0.1875
72.0,0.125
?F
72.0,0.125
72.0,0.125
72.0,0.125
72.0,0.125
?C
76.0,0.125
72.0,0.25
76.0,0.125
?C
72.0,0.25
0.0,0.125
72.0,0.125
?G
71.0,0.1875
71.0,0.1875
69.0,0.125
?F
69.0,0.125
72.0,0.125
72.0,0.125
72.0,0.125
?Am
72.0,0.125
69.0,0.25
72.0,0.125
?Am
69.0,0.25
0.0,0.125
72.0,0.125
-
?G#
63.0,0.375
60.0,0.125
?G#
60.0,0.125
67.0,0.125
67.0,0.125
67.0,0.125
?A#
67.0,0.375
65.0,0.125
?A#
65.0,0.125
0.0,0.125
65.0,0.125
65.0,0.125
?C
64.0,0.375
0.0,0.125
?C
0.0,0.125
60.0,0.125
60.0,0.125
60.0,0.125
?C
60.0,0.375
0.0,0.125
?C
0.0,0.25
60.0,0.125
60.0,0.125
?G#
63.0,0.375
60.0,0.125
?G#
60.0,0.125
67.0,0.125
67.0,0.125
67.0,0.125
?A#
67.0,0.375
65.0,0.125
?A#
65.0,0.125
0.0,0.125
65.0,0.125
65.0,0.125
?G
67.0,0.375
0.0,0.125
?G
0.0,0.125
67.0,0.125
67.0,0.125
67.0,0.125
?G
67.0,0.375
0.0,0.125
?G
0.0,0.25
67.0,0.125
67.0,0.125
?G
67.0,0.125
67.0,0.125
67.0,0.125
67.0,0.125
?G
67.0,0.125
67.0,0.125
67.0,0.125
67.0,0.125
?G
67.0,0.25
67.0,0.25
?G
67.0,0.25
67.0,0.25
?G
67.0,0.0625
67.0,0.0625
67.0,0.0625
67.0,0.0625
67.0,0.0625
67.0,0.0625
67.0,0.0625
67.0,0.0625
?G
67.0,0.0625
67.0,0.0625
67.0,0.0625
67.0,0.0625
67.0,0.0625
67.0,0.0625
67.0,0.0625
67.0,0.0625
-
