13,10,20,00
12,11,21,00
-
10,20,23,00
11,21,00,22
-
10,11,11,20
30,31,00,21
40,21,41,21
50,51,00,23
-
10,20,11,21
00,50,00,43
40,30,42,31
00,52,00,00
-
10,30,12,20
11,33,40,43
00,00,22,00
-
30,10,40,20
32,11,42,21
33,13,43,00
-
10,11,11,20
30,31,00,21
40,21,41,21
50,51,00,23
-
00,00,00,00
00,10,13,00
-
20,10,50,40
22,11,30,00
21,00,53,42
00,00,31,00
-
00,00,00,00
10,00,11,00
-
10,20,30,32
11,21,31,33
-
10,20,00,00
11,23,30,33
00,00,00,00
-
10,00,00,00
12,00,00,00
-
10,20,30,40
11,21,32,43
-
00,00,00,10
00,12,20,23
-
10,20,00,00
11,21,00,00
-
10,11,11,11
20,00,22,00
-
10,20,30,40
11,21,31,43
-
10,20,13,22
12,22,00,00
-
10,11,11,00
11,11,11,00
-
10,20,00,30
11,21,00,33
-
