30,00,33,00
10,20,11,22
-
12,10,11,00
23,20,22,00
-
10,20,30,22
40,43,00,00
11,21,31,21
33,00,13,00
-
20,10,00,30
23,11,00,33
-
00,20,00,22
00,10,11,13
-
00,00,00,00
00,00,00,00
-
10,20,30,40
50,00,60,11
00,13,53,70
63,11,21,31
41,00,00,73
-
23,12,20,10
22,11,23,00
-
00,10,00,13
00,11,00,00
-
10,20,30,40
11,21,31,41
-
30,10,40,20
32,11,42,21
-
10,22,12,20
50,42,30,40
11,21,12,21
53,00,31,41
-
23,00,10,11
20,22,11,11
-
00,10,11,20
13,11,11,21
-
00,13,30,00
00,10,20,00
00,11,33,40
22,43,00,00
-
10,50,60,42
11,52,62,40
20,21,63,41
30,31,31,00
-
10,20,11,21
11,21,00,00
-
10,40,20,30
00,00,00,32
11,43,21,32
-
40,43,00,13
10,20,30,50
11,21,31,53
-
20,10,23,11
30,00,33,00
-
10,11,20,30
11,11,21,32
-
10,20,30,43
11,21,31,00
43,40,42,43
12,23,33,33
-
10,20,30,40
11,21,31,41
60,50,70,41
62,51,72,00
-
10,20,11,23
00,00,00,23
11,21,13,00
-
10,20,11,30
11,21,11,31
-
22,10,20,30
23,11,21,31
-
00,10,22,11
20,30,21,31
-
10,20,30,40
11,21,31,41
-
40,10,20,30
42,11,21,31
-
10,20,21,21
11,21,21,21
-
00,10,20,30
00,11,21,31
-
10,20,12,00
11,23,00,00
-
20,10,22,11
23,13,11,00
-
20,30,40,10
50,11,60,00
21,31,41,11
51,11,63,00
-
10,00,13,20
23,00,00,23
-
10,20,30,00
11,21,31,00
00,00,00,00
-
10,20,12,50
11,30,40,60
11,21,00,52
11,31,41,62
-
30,10,20,40
32,11,21,42
00,00,00,00
-
00,10,20,30
00,11,21,31
-
10,20,30,40
11,21,31,41
53,50,51,00
11,21,00,13
-
10,30,11,40
20,00,21,33
11,31,11,41
-
30,10,32,11
40,20,42,21
-
00,13,00,10
00,00,00,12
-
00,00,10,00
00,00,13,00
-
10,20,11,23
11,00,00,00
-
10,20,30,40
11,21,31,41
13,00,31,41
11,21,31,41
-
10,20,30,40
11,21,31,41
-
20,23,00,10
00,23,00,11
-
10,20,30,00
11,21,31,23
00,51,33,52
40,41,50,51
-
10,20,00,00
11,21,00,00
-
00,50,10,30
11,32,20,21
22,53,11,31
11,33,40,41
-
10,20,30,31
11,21,31,31
11,21,31,31
11,21,31,32
-
10,32,40,20
11,30,42,21
50,00,52,00
11,31,43,23
-
10,30,40,00
11,32,42,33
20,21,22,33
-
10,20,30,23
11,21,31,00
00,00,00,00
-
40,10,20,30
43,11,21,31
-
10,20,11,21
11,22,11,21
-
10,22,11,20
11,00,00,21
-
80,10,20,30
40,50,60,70
82,11,21,31
41,51,61,71
-
30,13,10,20
33,13,12,22
-
10,20,30,50
11,21,31,53
40,42,43,00
11,21,31,00
-
30,40,50,10
53,12,33,43
60,20,63,22
33,43,00,00
-
30,10,40,00
32,13,50,20
33,11,43,00
33,13,53,21
-
00,00,00,00
00,00,00,00
-
10,20,00,00
12,23,00,00
00,00,00,00
-
00,10,20,00
00,11,22,00
-
10,00,11,00
20,00,23,00
-
23,10,20,11
21,11,13,32
40,30,43,32
-
10,11,20,00
12,12,22,00
-
10,20,11,23
00,00,00,23
11,21,13,00
-
40,10,20,30
43,11,21,31
-
10,20,30,40
11,21,31,41
60,50,70,41
62,51,72,00
-
10,30,00,20
32,00,00,00
11,33,23,21
-
10,20,30,00
11,21,31,00
-
10,30,20,33
11,32,21,00
-
00,23,10,00
00,20,11,30
00,21,11,33
-
30,10,00,00
33,11,20,23
40,00,43,00
33,11,21,00
-
10,13,00,00
11,00,00,00
00,00,00,00
-
30,10,20,00
32,11,21,00
-
10,20,30,40
50,00,13,60
11,21,31,42
52,00,33,63
-
00,23,10,20
00,00,12,22
-
30,10,40,20
32,11,42,21
33,13,00,00
-
00,10,20,00
00,12,22,00
-
60,23,10,20
30,42,40,50
62,21,11,21
31,22,41,51
-
10,20,30,40
11,21,31,43
00,50,53,00
-
00,10,20,30
40,11,21,31
43,00,00,31
-
00,10,00,11
00,20,21,30
00,00,23,32
-
00,00,00,10
00,13,00,11
-
10,20,30,00
11,21,31,00
-
10,40,11,43
20,30,22,32
-
00,00,00,00
10,13,11,00
20,21,40,50
30,31,41,51
-
00,00,00,00
40,10,20,30
42,11,21,31
-
30,40,22,42
32,50,10,60
20,43,00,00
21,52,11,62
-
00,30,10,32
11,20,12,21
-
10,00,13,00
12,00,00,00
-
00,00,00,10
00,00,00,20
13,00,00,00
00,00,23,00
-
13,10,11,20
40,11,11,21
41,11,11,21
30,31,00,00
-
00,10,20,30
00,11,21,31
-
10,20,22,00
11,00,00,00
-
00,00,40,10
20,30,43,43
00,00,00,11
21,32,00,00
-
10,30,20,40
11,33,21,43
-
30,10,20,00
33,11,22,00
-
10,20,30,40
11,21,31,41
-
10,20,30,40
50,60,00,00
11,21,31,41
52,63,00,00
-
00,10,20,13
23,00,23,00
-
30,40,10,20
50,43,11,21
51,00,00,00
31,41,11,21
-
00,10,30,20
13,12,33,22
-
10,20,12,30
12,22,13,33
-
10,30,20,22
11,33,40,43
-
23,10,20,11
00,00,21,00
-
30,10,33,11
20,00,21,00
-
20,30,40,10
50,60,70,11
21,31,41,11
51,61,71,00
-
30,33,40,23
50,53,43,20
00,10,11,22
-
00,10,00,13
00,00,00,00
-
10,20,11,21
30,33,23,00
-
10,20,30,40
11,21,31,50
60,70,31,51
61,71,31,41
-
13,10,20,30
00,11,21,31
-
10,20,00,30
11,21,33,00
-
10,20,30,40
50,00,60,00
11,21,31,41
51,00,63,00
-
63,10,20,30
60,11,21,31
61,11,21,32
40,41,50,51
-
23,10,20,11
23,11,21,12
-
10,20,50,30
11,21,52,31
40,41,41,00
11,21,51,31
-
10,20,00,00
11,21,00,00
-
10,30,20,23
12,33,22,00
-
10,11,11,20
12,23,12,22
-
00,00,00,00
00,00,00,00
-
30,40,50,10
20,11,21,13
31,41,51,11
60,11,61,13
-
00,00,00,00
00,00,00,00
-
10,20,00,00
12,23,00,00
00,00,00,00
-
20,10,11,30
22,11,13,33
-
10,00,11,00
20,00,23,00
-
10,00,11,00
20,00,23,00
-
23,10,20,11
21,11,13,32
40,30,43,32
-
10,11,20,00
12,12,22,00
-
40,10,20,50
42,11,21,30
53,00,00,31
-
00,10,20,11
00,11,21,11
-
10,20,12,00
13,23,00,00
-
30,10,20,33
33,11,22,00
40,12,00,43
-
20,10,23,00
00,13,00,30
11,13,11,33
-
00,00,00,00
00,00,00,00
13,00,10,11
-
20,10,22,11
00,00,22,13
-
00,00,10,00
12,00,00,00
20,00,00,23
00,00,00,00
-
10,20,13,23
13,23,23,23
-
30,10,20,00
32,11,21,00
40,00,42,00
-
20,00,00,00
22,00,10,00
00,00,00,11
-
10,40,11,20
11,43,11,21
30,13,31,00
-
00,00,00,10
13,12,00,13
-
10,20,30,40
11,21,31,41
-
00,10,20,30
33,11,23,00
-
40,10,22,00
00,11,20,30
00,00,23,33
43,11,21,31
-
10,30,40,20
11,00,43,21
00,22,00,00
13,31,41,21
-
10,00,13,00
00,00,12,00
-
30,40,60,10
20,11,21,13
31,41,62,12
50,11,51,00
-
10,11,20,30
11,11,21,31
-
20,00,23,30
00,33,10,12
-
10,20,30,40
11,21,31,43
-
10,20,30,40
11,21,31,41
-
20,30,10,13
23,33,11,00
-
00,10,11,11
00,00,00,00
-
10,20,12,22
00,00,00,23
-
10,20,11,21
11,21,30,00
11,21,11,21
11,21,32,00
-
20,10,30,00
22,11,33,00
-
10,20,30,23
00,11,21,31
-
20,10,22,00
30,11,32,00
-
00,00,10,20
00,00,11,21
40,30,13,22
43,32,13,21
-
00,10,11,20
00,11,11,21
-
10,70,60,43
11,73,62,50
20,41,21,51
30,40,31,41
-
10,20,30,40
11,21,31,41
-
10,20,30,00
11,21,31,33
-
13,10,20,30
00,11,21,31
40,41,50,31
33,41,51,31
-
20,00,22,30
10,33,11,00
-
10,20,11,23
11,00,00,00
-
10,20,30,33
12,23,00,00
-
30,20,33,22
00,10,00,11
-
00,20,00,10
00,22,00,11
-
40,10,20,33
43,11,21,30
32,23,00,00
-
