40,20,30,10
43,22,32,11
-
10,20,11,21
11,21,11,21
-
30,10,11,20
32,11,11,21
40,43,00,21
-
10,20,00,00
11,23,00,00
-
10,20,30,33
11,21,31,00
-
10,20,30,31
11,21,31,00
-
10,20,30,40
11,21,31,41
00,23,13,00
-
10,20,30,40
11,21,31,41
-
10,20,30,31
11,21,31,00
-
10,11,11,11
20,30,21,31
-
10,30,20,00
11,33,21,00
-
00,00,00,00
00,00,00,10
00,20,00,00
00,22,00,11
-
10,20,11,00
11,21,11,00
-
40,00,00,10
00,00,13,11
43,00,20,22
00,30,00,32
-
20,30,10,40
22,32,11,42
-
00,00,00,00
00,00,00,00
-
10,20,30,40
11,21,31,41
-
10,11,11,13
20,21,40,83
30,31,41,82
50,60,70,80
51,61,71,81
-
40,30,00,00
00,10,00,12
33,20,00,22
00,00,43,00
-
10,20,30,23
11,23,00,00
11,21,32,00
-
10,20,11,23
00,22,13,00
-
10,20,00,00
00,00,11,22
-
10,11,11,11
11,11,11,11
-
10,20,30,40
11,21,31,43
-
10,20,21,30
11,21,21,33
-
30,00,33,00
20,10,22,11
22,13,00,00
-
10,20,30,40
11,21,31,41
-
10,20,11,23
11,21,00,23
-
10,11,11,11
50,20,30,40
52,21,31,41
-
10,20,11,21
11,21,11,21
-
