00,10,11,00
00,11,11,00
-
00,00,00,00
10,00,13,00
-
10,20,11,22
00,00,00,00
-
10,20,30,40
11,21,31,42
-
00,10,11,00
00,11,11,00
-
10,20,30,50
11,21,31,53
40,21,41,22
-
20,00,23,00
22,00,30,10
00,00,33,11
-
10,11,20,30
11,11,21,31
00,00,43,40
41,00,00,00
-
00,10,20,30
23,11,21,31
-
10,20,00,00
11,21,30,32
-
20,10,11,00
23,11,12,00
-
10,20,30,40
11,21,31,41
-
20,10,30,33
22,11,32,00
50,53,32,40
00,00,00,42
-
20,10,22,11
00,22,22,13
-
10,20,30,40
11,21,31,43
-
10,20,30,40
11,21,31,41
63,50,61,51
60,70,61,71
-
10,20,11,21
11,21,00,00
-
00,00,00,00
00,00,00,00
-
20,30,10,00
23,33,11,13
-
10,20,30,33
11,21,31,00
-
00,00,00,00
10,00,13,00
-
10,20,00,00
13,23,00,00
00,00,00,00
-
10,20,11,30
11,21,11,31
-
10,40,11,42
50,20,60,30
52,21,62,31
-
40,30,10,20
43,32,11,21
-
10,20,30,40
11,21,31,42
00,00,00,00
-
20,10,13,00
22,11,00,00
-
10,20,30,33
11,21,31,00
-
10,20,00,30
00,00,00,33
11,21,00,31
-
10,20,11,30
00,21,11,33
-
00,10,00,00
00,11,00,00
-
10,20,30,50
11,21,31,53
40,21,41,22
-
10,00,20,30
11,22,00,00
00,00,00,33
-
10,00,20,00
11,23,00,00
00,00,00,00
23,00,00,00
-
20,00,23,00
22,00,30,10
00,00,33,11
-
10,11,20,30
11,11,21,31
00,00,43,40
41,00,00,00
-
00,10,20,30
23,11,21,31
-
10,20,00,00
11,21,30,32
-
00,10,11,00
00,11,11,00
-
00,00,00,00
10,00,13,00
-
10,20,11,22
00,00,00,00
-
10,20,30,40
11,21,31,42
-
00,10,11,00
00,11,11,00
-
10,20,30,50
11,21,31,53
40,21,41,22
-
20,00,23,00
22,00,30,10
00,00,33,11
-
10,11,20,30
11,11,21,31
00,00,43,40
41,00,00,00
-
00,10,20,30
23,11,21,31
-
10,20,00,00
11,21,30,32
-
20,10,11,00
23,11,12,00
-
10,20,30,40
11,21,31,41
-
20,10,30,33
22,11,32,00
50,53,32,40
00,00,00,42
-
20,10,22,11
00,22,22,13
-
10,20,30,40
11,21,31,43
-
10,20,30,40
11,21,31,41
63,50,61,51
60,70,61,71
-
10,20,11,21
11,21,00,00
-
00,00,00,00
00,00,00,00
-
20,30,10,00
23,33,11,13
-
10,20,30,33
11,21,31,00
-
00,00,00,00
10,00,13,00
-
10,20,00,00
13,23,00,00
00,00,00,00
-
10,20,11,30
11,21,11,31
-
10,40,11,42
50,20,60,30
52,21,62,31
-
40,30,10,20
43,32,11,21
-
10,20,30,40
11,21,31,42
00,00,00,00
-
20,10,13,00
22,11,00,00
-
10,20,30,33
11,21,31,00
-
10,20,00,30
00,00,00,33
11,21,00,31
-
10,20,11,30
00,21,11,33
-
00,10,00,00
00,11,00,00
-
10,20,30,50
11,21,31,53
40,21,41,22
-
10,00,20,30
11,22,00,00
00,00,00,33
-
10,00,20,00
11,23,00,00
00,00,00,00
23,00,00,00
-
20,00,23,00
22,00,30,10
00,00,33,11
-
10,11,20,30
11,11,21,31
00,00,43,40
41,00,00,00
-
00,10,20,30
23,11,21,31
-
10,20,00,00
11,21,30,32
-
00,10,11,00
00,11,11,00
-
00,00,00,00
10,00,13,00
-
10,20,11,22
00,00,00,00
-
10,20,30,40
11,21,31,42
-
00,10,11,00
00,11,11,00
-
10,20,30,50
11,21,31,53
40,21,41,22
-
20,00,23,00
22,00,30,10
00,00,33,11
-
10,11,20,30
11,11,21,31
00,00,43,40
41,00,00,00
-
00,10,20,30
23,11,21,31
-
10,20,00,00
11,21,30,32
-
20,10,11,00
23,11,12,00
-
10,20,30,40
11,21,31,41
-
20,10,30,33
22,11,32,00
50,53,32,40
00,00,00,42
-
20,10,22,11
00,22,22,13
-
10,20,30,40
11,21,31,43
-
10,20,30,40
11,21,31,41
63,50,61,51
60,70,61,71
-
10,20,11,21
11,21,00,00
-
00,00,00,00
00,00,00,00
-
20,30,10,00
23,33,11,13
-
10,20,30,33
11,21,31,00
-
00,00,00,00
10,00,13,00
-
10,20,00,00
13,23,00,00
00,00,00,00
-
10,20,11,30
11,21,11,31
-
10,40,11,42
50,20,60,30
52,21,62,31
-
40,30,10,20
43,32,11,21
-
10,20,30,40
11,21,31,42
00,00,00,00
-
20,10,13,00
22,11,00,00
-
10,20,30,33
11,21,31,00
-
10,20,00,30
00,00,00,33
11,21,00,31
-
10,20,11,30
00,21,11,33
-
00,10,00,00
00,11,00,00
-
10,20,30,50
11,21,31,53
40,21,41,22
-
10,00,20,30
11,22,00,00
00,00,00,33
-
10,00,20,00
11,23,00,00
00,00,00,00
23,00,00,00
-
20,00,23,00
22,00,30,10
00,00,33,11
-
10,11,20,30
11,11,21,31
00,00,43,40
41,00,00,00
-
00,10,20,30
23,11,21,31
-
10,20,00,00
11,21,30,32
-
