20,30,40,50
22,32,42,52
10,00,11,00
00,53,00,00
-
10,00,00,00
13,00,00,00
-
10,20,21,22
11,21,21,00
-
00,00,10,11
12,00,00,00
-
10,20,12,30
40,23,43,33
-
23,22,10,11
21,23,11,11
20,30,21,31
-
10,12,00,20
11,12,00,23
-
10,00,12,00
00,00,00,00
-
30,50,20,10
40,11,43,22
32,53,22,11
43,00,00,13
-
20,42,10,33
22,40,11,30
21,50,13,31
22,41,11,53
-
00,00,00,00
00,00,00,00
-
10,40,23,20
32,42,60,50
11,43,21,13
52,30,00,12
53,31,63,00
-
20,10,23,30
22,11,00,32
-
10,20,30,40
11,21,32,43
-
00,10,30,23
00,11,33,20
00,00,22,00
00,00,00,00
-
00,10,30,23
00,11,33,20
00,00,22,00
00,00,00,00
-
00,10,20,30
00,11,22,32
-
10,00,00,20
13,00,00,23
00,30,00,33
13,00,00,00
-
10,20,30,40
11,21,31,41
-
10,20,30,40
11,21,31,41
-
10,20,11,21
30,32,11,21
-
30,20,40,10
43,11,00,00
32,21,42,11
-
30,10,40,20
50,60,00,00
32,11,42,21
52,63,00,00
-
10,20,11,30
11,21,11,32
-
30,10,12,20
32,11,40,21
31,11,42,23
32,50,53,00
-
10,20,30,40
11,21,31,41
11,13,33,50
13,00,31,52
-
10,20,21,30
11,21,21,31
40,00,41,00
11,21,22,23
-
23,10,20,30
40,11,50,60
23,11,21,31
41,11,51,61
-
30,10,23,20
33,11,00,22
-
10,20,30,33
11,22,32,00
-
30,10,20,40
32,11,21,42
00,00,00,00
-
10,12,13,50
20,60,30,40
00,00,00,53
22,63,32,42
-
10,20,30,40
11,21,31,41
-
10,20,30,40
11,21,31,43
-
10,00,00,50
11,00,00,00
20,30,40,53
21,31,41,00
-
10,20,30,33
00,00,00,00
12,00,40,43
00,22,33,00
-
10,00,12,20
00,23,00,00
-
10,42,20,30
11,40,21,31
00,00,00,00
11,41,21,32
-
10,20,30,40
11,21,31,41
11,21,31,41
11,21,31,41
-
10,20,30,40
11,21,31,41
-
10,20,11,50
30,00,11,21
11,52,31,40
60,42,00,41
63,43,33,00
-
10,11,11,20
30,21,33,12
-
10,20,00,23
13,00,00,23
-
30,10,00,00
00,13,20,23
33,00,00,00
13,40,43,00
-
00,10,20,30
40,11,21,31
43,00,00,00
-
10,20,30,13
13,23,33,00
00,00,00,00
-
10,20,30,60
40,50,43,53
11,21,32,63
-
10,20,11,23
11,21,13,00
40,30,42,31
-
10,20,30,40
11,21,31,41
-
40,32,10,50
43,30,43,20
00,00,00,21
42,31,11,52
-
10,11,11,11
20,21,21,23
11,11,11,11
30,31,31,00
-
22,10,20,30
21,11,21,32
-
10,12,20,30
11,11,00,00
11,12,22,33
-
12,10,20,30
11,11,21,31
-
10,20,30,40
11,21,31,41
50,21,51,22
-
00,00,00,00
10,12,11,00
-
00,00,00,00
00,00,00,00
-
00,10,20,30
00,11,21,31
-
20,23,30,33
00,10,11,00
-
10,20,30,40
11,21,33,50
11,43,13,00
00,00,53,00
-
00,10,11,00
00,32,20,30
21,31,22,00
-
00,00,10,20
11,21,30,00
40,43,11,21
12,21,32,00
-
20,30,10,00
23,33,11,00
00,40,43,00
-
40,00,10,20
50,42,11,21
52,30,12,21
52,42,31,22
-
10,12,13,50
20,60,30,40
00,00,00,53
22,63,32,42
-
10,20,30,40
11,21,31,41
-
10,20,30,40
11,21,31,43
-
10,00,00,50
11,00,00,00
20,30,40,53
21,31,41,00
-
10,20,11,22
30,22,32,00
40,42,50,53
-
10,20,30,40
11,21,50,00
11,21,31,41
11,21,51,33
-
00,10,00,13
00,00,00,00
-
30,00,00,00
33,12,00,00
33,10,20,00
00,11,22,00
-
10,00,20,00
12,00,23,00
-
40,10,30,20
43,11,32,21
00,00,23,00
-
10,20,30,00
11,21,31,00
40,50,41,52
11,00,13,00
-
10,50,20,60
11,52,21,00
53,30,40,00
00,31,41,62
-
10,40,11,43
20,50,60,30
11,42,13,00
21,52,63,31
-
10,11,00,20
11,11,00,21
00,00,21,00
-
10,40,32,20
11,30,00,00
11,42,31,21
-
10,30,20,40
11,21,50,60
11,31,22,41
13,21,51,61
-
10,50,20,60
11,53,21,63
30,43,31,40
31,41,00,63
-
20,10,22,00
22,11,00,00
-
10,20,12,23
30,33,33,00
-
30,40,10,20
32,43,11,21
00,33,50,53
-
13,10,13,13
00,12,13,00
-
00,10,20,30
13,11,21,31
-
10,00,00,00
13,00,00,00
-
10,20,11,21
11,21,11,00
-
00,10,11,23
20,00,00,30
33,21,00,00
-
